# BLOCK:        DISTANCE:        ACTUAL_GOFR:
           1           0           0
           1   0.0256496           0
           1   0.0512993           0
           1   0.0769489           0
           1    0.102599           0
           1    0.128248           0
           1    0.153898           0
           1    0.179547           0
           1    0.205197           0
           1    0.230847           0
           1    0.256496           0
           1    0.282146           0
           1    0.307796           0
           1    0.333445           0
           1    0.359095           0
           1    0.384745           0
           1    0.410394           0
           1    0.436044           0
           1    0.461694           0
           1    0.487343           0
           1    0.512993           0
           1    0.538642           0
           1    0.564292           0
           1    0.589942           0
           1    0.615591           0
           1    0.641241           0
           1    0.666891           0
           1     0.69254           0
           1     0.71819           0
           1     0.74384           0
           1    0.769489           0
           1    0.795139           0
           1    0.820788           0
           1    0.846438 0.000145892
           1    0.872088  0.00105461
           1    0.897737   0.0256371
           1    0.923387    0.174759
           1    0.949037    0.578037
           1    0.974686     1.20362
           1     1.00034     1.85084
           1     1.02599     2.32436
           1     1.05164     2.55725
           1     1.07728     2.53505
           1     1.10293     2.39529
           1     1.12858      2.2059
           1     1.15423     1.96915
           1     1.17988     1.74664
           1     1.20553     1.57487
           1     1.23118     1.39236
           1     1.25683     1.27036
           1     1.28248     1.11878
           1     1.30813     1.02798
           1     1.33378    0.953349
           1     1.35943    0.871994
           1     1.38508    0.810411
           1     1.41073    0.770202
           1     1.43638    0.727844
           1     1.46203    0.695089
           1     1.48768    0.679567
           1     1.51333    0.679533
           1     1.53898    0.665739
           1     1.56463    0.669548
           1     1.59028    0.671963
           1     1.61593     0.68318
           1     1.64158    0.693726
           1     1.66723    0.732026
           1     1.69288    0.743721
           1     1.71853    0.778329
           1     1.74418    0.823049
           1     1.76983    0.852235
           1     1.79547    0.898762
           1     1.82112    0.937812
           1     1.84677    0.978876
           1     1.87242     1.02563
           1     1.89807     1.07212
           1     1.92372     1.10064
           1     1.94937     1.12808
           1     1.97502     1.16033
           1     2.00067     1.18395
           1     2.02632     1.20575
           1     2.05197     1.21138
           1     2.07762     1.21047
           1     2.10327     1.21217
           1     2.12892     1.18958
           1     2.15457     1.16872
           1     2.18022     1.15942
           1     2.20587     1.13109
           1     2.23152     1.09703
           1     2.25717     1.07297
           1     2.28282     1.04096
           1     2.30847     1.01472
           1     2.33412    0.986297
           1     2.35977    0.963792
           1     2.38542    0.947614
           1     2.41107    0.925599
           1     2.43672    0.911086
           1     2.46237    0.903261
           1     2.48802    0.886573
           1     2.51366    0.887036
           1     2.53931    0.882896

           2           0           0
           2   0.0256496           0
           2   0.0512993           0
           2   0.0769489           0
           2    0.102599           0
           2    0.128248           0
           2    0.153898           0
           2    0.179547           0
           2    0.205197           0
           2    0.230847           0
           2    0.256496           0
           2    0.282146           0
           2    0.307796           0
           2    0.333445           0
           2    0.359095           0
           2    0.384745           0
           2    0.410394           0
           2    0.436044           0
           2    0.461694           0
           2    0.487343           0
           2    0.512993           0
           2    0.538642           0
           2    0.564292           0
           2    0.589942           0
           2    0.615591           0
           2    0.641241           0
           2    0.666891           0
           2     0.69254           0
           2     0.71819           0
           2     0.74384           0
           2    0.769489           0
           2    0.795139           0
           2    0.820788           0
           2    0.846438           0
           2    0.872088  0.00155899
           2    0.897737   0.0244678
           2    0.923387    0.164313
           2    0.949037     0.54792
           2    0.974686     1.18594
           2     1.00034     1.83765
           2     1.02599     2.32779
           2     1.05164     2.53205
           2     1.07728     2.56946
           2     1.10293     2.40657
           2     1.12858     2.22712
           2     1.15423     1.98808
           2     1.17988     1.78531
           2     1.20553     1.57237
           2     1.23118     1.40744
           2     1.25683     1.26356
           2     1.28248     1.12771
           2     1.30813     1.03174
           2     1.33378    0.953389
           2     1.35943    0.873672
           2     1.38508    0.831138
           2     1.41073    0.765471
           2     1.43638    0.728784
           2     1.46203    0.697383
           2     1.48768    0.679758
           2     1.51333    0.668895
           2     1.53898    0.658433
           2     1.56463     0.65757
           2     1.59028    0.664222
           2     1.61593    0.667899
           2     1.64158    0.693529
           2     1.66723    0.712791
           2     1.69288    0.743869
           2     1.71853    0.775658
           2     1.74418    0.818384
           2     1.76983    0.851229
           2     1.79547    0.893765
           2     1.82112    0.941367
           2     1.84677    0.973352
           2     1.87242     1.00751
           2     1.89807     1.05477
           2     1.92372     1.08072
           2     1.94937     1.12769
           2     1.97502     1.16717
           2     2.00067     1.20123
           2     2.02632      1.2057
           2     2.05197     1.22162
           2     2.07762     1.22793
           2     2.10327     1.23191
           2     2.12892     1.20929
           2     2.15457     1.19268
           2     2.18022     1.16342
           2     2.20587     1.12993
           2     2.23152      1.1021
           2     2.25717      1.0744
           2     2.28282      1.0411
           2     2.30847     1.00801
           2     2.33412    0.979889
           2     2.35977    0.966644
           2     2.38542    0.943037
           2     2.41107    0.925354
           2     2.43672    0.910475
           2     2.46237    0.900149
           2     2.48802     0.88132
           2     2.51366     0.87826
           2     2.53931    0.884716

           3           0           0
           3   0.0256496           0
           3   0.0512993           0
           3   0.0769489           0
           3    0.102599           0
           3    0.128248           0
           3    0.153898           0
           3    0.179547           0
           3    0.205197           0
           3    0.230847           0
           3    0.256496           0
           3    0.282146           0
           3    0.307796           0
           3    0.333445           0
           3    0.359095           0
           3    0.384745           0
           3    0.410394           0
           3    0.436044           0
           3    0.461694           0
           3    0.487343           0
           3    0.512993           0
           3    0.538642           0
           3    0.564292           0
           3    0.589942           0
           3    0.615591           0
           3    0.641241           0
           3    0.666891           0
           3     0.69254           0
           3     0.71819           0
           3     0.74384           0
           3    0.769489           0
           3    0.795139           0
           3    0.820788           0
           3    0.846438 4.86307e-05
           3    0.872088  0.00160484
           3    0.897737   0.0229521
           3    0.923387    0.160708
           3    0.949037    0.561232
           3    0.974686     1.20734
           3     1.00034     1.86917
           3     1.02599     2.35444
           3     1.05164      2.5414
           3     1.07728     2.58137
           3     1.10293     2.40372
           3     1.12858      2.1917
           3     1.15423     1.97358
           3     1.17988      1.7715
           3     1.20553     1.56604
           3     1.23118     1.38646
           3     1.25683     1.23884
           3     1.28248     1.13081
           3     1.30813     1.02431
           3     1.33378    0.936379
           3     1.35943    0.860591
           3     1.38508    0.810044
           3     1.41073    0.769422
           3     1.43638    0.742308
           3     1.46203    0.705588
           3     1.48768    0.684287
           3     1.51333    0.671069
           3     1.53898    0.663115
           3     1.56463    0.661467
           3     1.59028    0.672102
           3     1.61593    0.678768
           3     1.64158    0.689475
           3     1.66723    0.721569
           3     1.69288    0.751595
           3     1.71853    0.786822
           3     1.74418    0.816395
           3     1.76983    0.850009
           3     1.79547    0.897938
           3     1.82112     0.94284
           3     1.84677    0.975221
           3     1.87242       1.034
           3     1.89807     1.06945
           3     1.92372     1.10457
           3     1.94937     1.14295
           3     1.97502     1.16707
           3     2.00067     1.18065
           3     2.02632      1.2081
           3     2.05197     1.22605
           3     2.07762     1.21974
           3     2.10327     1.20688
           3     2.12892     1.19696
           3     2.15457     1.16789
           3     2.18022     1.16008
           3     2.20587     1.11914
           3     2.23152     1.08933
           3     2.25717     1.05775
           3     2.28282     1.03007
           3     2.30847     1.00982
           3     2.33412    0.981017
           3     2.35977    0.960125
           3     2.38542    0.947289
           3     2.41107    0.923319
           3     2.43672    0.913629
           3     2.46237    0.900149
           3     2.48802    0.888835
           3     2.51366    0.890794
           3     2.53931    0.880835

           4           0           0
           4   0.0256496           0
           4   0.0512993           0
           4   0.0769489           0
           4    0.102599           0
           4    0.128248           0
           4    0.153898           0
           4    0.179547           0
           4    0.205197           0
           4    0.230847           0
           4    0.256496           0
           4    0.282146           0
           4    0.307796           0
           4    0.333445           0
           4    0.359095           0
           4    0.384745           0
           4    0.410394           0
           4    0.436044           0
           4    0.461694           0
           4    0.487343           0
           4    0.512993           0
           4    0.538642           0
           4    0.564292           0
           4    0.589942           0
           4    0.615591           0
           4    0.641241           0
           4    0.666891           0
           4     0.69254           0
           4     0.71819           0
           4     0.74384           0
           4    0.769489           0
           4    0.795139           0
           4    0.820788           0
           4    0.846438           0
           4    0.872088 0.000733642
           4    0.897737   0.0254206
           4    0.923387     0.15739
           4    0.949037    0.563212
           4    0.974686     1.20262
           4     1.00034     1.86525
           4     1.02599     2.35854
           4     1.05164     2.57734
           4     1.07728     2.56798
           4     1.10293     2.40752
           4     1.12858     2.20785
           4     1.15423     1.97247
           4     1.17988     1.73245
           4     1.20553     1.54981
           4     1.23118     1.38556
           4     1.25683     1.22022
           4     1.28248     1.10748
           4     1.30813     1.01217
           4     1.33378    0.935567
           4     1.35943    0.880022
           4     1.38508    0.818662
           4     1.41073    0.774702
           4     1.43638    0.742582
           4     1.46203    0.706826
           4     1.48768    0.688785
           4     1.51333    0.674892
           4     1.53898    0.666977
           4     1.56463    0.679461
           4     1.59028    0.673989
           4     1.61593    0.687566
           4     1.64158    0.699905
           4     1.66723    0.728553
           4     1.69288    0.766764
           4     1.71853    0.782294
           4     1.74418    0.809277
           4     1.76983    0.859873
           4     1.79547    0.896137
           4     1.82112    0.938431
           4     1.84677     0.98007
           4     1.87242      1.0227
           4     1.89807     1.06132
           4     1.92372     1.10024
           4     1.94937     1.13731
           4     1.97502     1.16236
           4     2.00067      1.1851
           4     2.02632      1.2025
           4     2.05197     1.21961
           4     2.07762     1.22147
           4     2.10327     1.20581
           4     2.12892     1.19088
           4     2.15457     1.17313
           4     2.18022     1.14823
           4     2.20587     1.12423
           4     2.23152     1.09876
           4     2.25717     1.06981
           4     2.28282     1.03218
           4     2.30847     1.00664
           4     2.33412    0.984576
           4     2.35977     0.96681
           4     2.38542    0.944461
           4     2.41107    0.928111
           4     2.43672    0.915335
           4     2.46237    0.904181
           4     2.48802    0.893101
           4     2.51366     0.88311
           4     2.53931    0.877659

           5           0           0
           5   0.0256496           0
           5   0.0512993           0
           5   0.0769489           0
           5    0.102599           0
           5    0.128248           0
           5    0.153898           0
           5    0.179547           0
           5    0.205197           0
           5    0.230847           0
           5    0.256496           0
           5    0.282146           0
           5    0.307796           0
           5    0.333445           0
           5    0.359095           0
           5    0.384745           0
           5    0.410394           0
           5    0.436044           0
           5    0.461694           0
           5    0.487343           0
           5    0.512993           0
           5    0.538642           0
           5    0.564292           0
           5    0.589942           0
           5    0.615591           0
           5    0.641241           0
           5    0.666891           0
           5     0.69254           0
           5     0.71819           0
           5     0.74384           0
           5    0.769489           0
           5    0.795139           0
           5    0.820788           0
           5    0.846438           0
           5    0.872088 0.000779494
           5    0.897737   0.0271961
           5    0.923387     0.16247
           5    0.949037    0.564842
           5    0.974686     1.21466
           5     1.00034     1.83989
           5     1.02599     2.33767
           5     1.05164     2.55392
           5     1.07728     2.56122
           5     1.10293     2.42076
           5     1.12858     2.21656
           5     1.15423      1.9721
           5     1.17988     1.77135
           5     1.20553     1.57221
           5     1.23118     1.38857
           5     1.25683     1.24995
           5     1.28248     1.12814
           5     1.30813     1.01707
           5     1.33378    0.934221
           5     1.35943    0.869115
           5     1.38508    0.807839
           5     1.41073    0.754981
           5     1.43638    0.728682
           5     1.46203    0.707123
           5     1.48768    0.682549
           5     1.51333    0.673289
           5     1.53898    0.662191
           5     1.56463    0.661452
           5     1.59028    0.681073
           5     1.61593    0.679458
           5     1.64158    0.698553
           5     1.66723    0.724635
           5     1.69288    0.748658
           5     1.71853     0.77997
           5     1.74418    0.812499
           5     1.76983    0.867647
           5     1.79547     0.90367
           5     1.82112    0.947143
           5     1.84677    0.995687
           5     1.87242     1.02277
           5     1.89807      1.0697
           5     1.92372        1.11
           5     1.94937     1.12862
           5     1.97502     1.16862
           5     2.00067      1.1794
           5     2.02632      1.1923
           5     2.05197      1.2071
           5     2.07762     1.21205
           5     2.10327     1.20563
           5     2.12892     1.19275
           5     2.15457     1.17838
           5     2.18022     1.14821
           5     2.20587     1.12186
           5     2.23152     1.09136
           5     2.25717      1.0663
           5     2.28282     1.03288
           5     2.30847     1.01045
           5     2.33412    0.980554
           5     2.35977    0.970108
           5     2.38542    0.943212
           5     2.41107    0.933837
           5     2.43672     0.92093
           5     2.46237    0.903965
           5     2.48802    0.889209
           5     2.51366    0.880477
           5     2.53931    0.886551

           6           0           0
           6   0.0256496           0
           6   0.0512993           0
           6   0.0769489           0
           6    0.102599           0
           6    0.128248           0
           6    0.153898           0
           6    0.179547           0
           6    0.205197           0
           6    0.230847           0
           6    0.256496           0
           6    0.282146           0
           6    0.307796           0
           6    0.333445           0
           6    0.359095           0
           6    0.384745           0
           6    0.410394           0
           6    0.436044           0
           6    0.461694           0
           6    0.487343           0
           6    0.512993           0
           6    0.538642           0
           6    0.564292           0
           6    0.589942           0
           6    0.615591           0
           6    0.641241           0
           6    0.666891           0
           6     0.69254           0
           6     0.71819           0
           6     0.74384           0
           6    0.769489           0
           6    0.795139           0
           6    0.820788           0
           6    0.846438 0.000145892
           6    0.872088  0.00137558
           6    0.897737   0.0260269
           6    0.923387    0.166771
           6    0.949037    0.552345
           6    0.974686     1.20686
           6     1.00034     1.82618
           6     1.02599     2.35914
           6     1.05164       2.555
           6     1.07728     2.58989
           6     1.10293     2.42272
           6     1.12858     2.21116
           6     1.15423     1.97684
           6     1.17988     1.76171
           6     1.20553     1.55157
           6     1.23118     1.38465
           6     1.25683     1.23888
           6     1.28248     1.11587
           6     1.30813      1.0145
           6     1.33378     0.92034
           6     1.35943    0.862155
           6     1.38508    0.806608
           6     1.41073    0.769777
           6     1.43638    0.737675
           6     1.46203    0.709632
           6     1.48768    0.681975
           6     1.51333    0.672441
           6     1.53898    0.667797
           6     1.56463    0.672001
           6     1.59028    0.680863
           6     1.61593    0.691559
           6     1.64158    0.702122
           6     1.66723    0.731263
           6     1.69288    0.758766
           6     1.71853     0.78814
           6     1.74418    0.823746
           6     1.76983    0.861862
           6     1.79547    0.897751
           6     1.82112    0.948029
           6     1.84677    0.983383
           6     1.87242     1.01947
           6     1.89807     1.06973
           6     1.92372      1.1063
           6     1.94937     1.13055
           6     1.97502     1.16199
           6     2.00067     1.18235
           6     2.02632     1.19823
           6     2.05197     1.19961
           6     2.07762     1.21195
           6     2.10327      1.1999
           6     2.12892     1.18821
           6     2.15457     1.16636
           6     2.18022     1.13873
           6     2.20587     1.11474
           6     2.23152      1.0892
           6     2.25717     1.06436
           6     2.28282     1.03814
           6     2.30847     1.00903
           6     2.33412    0.982334
           6     2.35977    0.963767
           6     2.38542    0.947358
           6     2.41107     0.93407
           6     2.43672     0.91804
           6     2.46237    0.912029
           6     2.48802    0.893388
           6     2.51366    0.881062
           6     2.53931    0.879622

           7           0           0
           7   0.0256496           0
           7   0.0512993           0
           7   0.0769489           0
           7    0.102599           0
           7    0.128248           0
           7    0.153898           0
           7    0.179547           0
           7    0.205197           0
           7    0.230847           0
           7    0.256496           0
           7    0.282146           0
           7    0.307796           0
           7    0.333445           0
           7    0.359095           0
           7    0.384745           0
           7    0.410394           0
           7    0.436044           0
           7    0.461694           0
           7    0.487343           0
           7    0.512993           0
           7    0.538642           0
           7    0.564292           0
           7    0.589942           0
           7    0.615591           0
           7    0.641241           0
           7    0.666891           0
           7     0.69254           0
           7     0.71819           0
           7     0.74384           0
           7    0.769489           0
           7    0.795139           0
           7    0.820788           0
           7    0.846438           0
           7    0.872088  0.00160484
           7    0.897737   0.0238183
           7    0.923387    0.161077
           7    0.949037    0.554247
           7    0.974686     1.19055
           7     1.00034     1.89005
           7     1.02599     2.34536
           7     1.05164      2.5581
           7     1.07728     2.55007
           7     1.10293     2.43605
           7     1.12858     2.21014
           7     1.15423     1.99967
           7     1.17988     1.76247
           7     1.20553     1.55885
           7     1.23118     1.39658
           7     1.25683     1.24806
           7     1.28248      1.1218
           7     1.30813      1.0202
           7     1.33378    0.952478
           7     1.35943    0.863089
           7     1.38508    0.806736
           7     1.41073    0.762264
           7     1.43638    0.729195
           7     1.46203    0.700239
           7     1.48768    0.680093
           7     1.51333    0.671424
           7     1.53898    0.655197
           7     1.56463    0.661755
           7     1.59028    0.658703
           7     1.61593    0.672663
           7     1.64158    0.681682
           7     1.66723    0.714139
           7     1.69288     0.73934
           7     1.71853    0.772316
           7     1.74418     0.81871
           7     1.76983    0.854461
           7     1.79547    0.908469
           7     1.82112    0.948285
           7     1.84677    0.994826
           7     1.87242     1.02876
           7     1.89807     1.07699
           7     1.92372      1.1148
           7     1.94937      1.1446
           7     1.97502     1.17861
           7     2.00067     1.18646
           7     2.02632      1.2139
           7     2.05197     1.22093
           7     2.07762     1.22439
           7     2.10327     1.20816
           7     2.12892     1.19246
           7     2.15457     1.18027
           7     2.18022     1.15449
           7     2.20587     1.11577
           7     2.23152     1.08771
           7     2.25717     1.06303
           7     2.28282     1.03159
           7     2.30847     1.00786
           7     2.33412    0.980554
           7     2.35977    0.947354
           7     2.38542    0.938193
           7     2.41107    0.917103
           7     2.43672    0.910116
           7     2.46237      0.8991
           7     2.48802    0.888325
           7     2.51366     0.87668
           7     2.53931    0.881281

           8           0           0
           8   0.0256496           0
           8   0.0512993           0
           8   0.0769489           0
           8    0.102599           0
           8    0.128248           0
           8    0.153898           0
           8    0.179547           0
           8    0.205197           0
           8    0.230847           0
           8    0.256496           0
           8    0.282146           0
           8    0.307796           0
           8    0.333445           0
           8    0.359095           0
           8    0.384745           0
           8    0.410394           0
           8    0.436044           0
           8    0.461694           0
           8    0.487343           0
           8    0.512993           0
           8    0.538642           0
           8    0.564292           0
           8    0.589942           0
           8    0.615591           0
           8    0.641241           0
           8    0.666891           0
           8     0.69254           0
           8     0.71819           0
           8     0.74384           0
           8    0.769489           0
           8    0.795139           0
           8    0.820788           0
           8    0.846438           0
           8    0.872088  0.00155899
           8    0.897737   0.0258536
           8    0.923387    0.155915
           8    0.949037    0.558632
           8    0.974686     1.20925
           8     1.00034     1.87774
           8     1.02599     2.34147
           8     1.05164     2.55256
           8     1.07728     2.54094
           8     1.10293     2.41675
           8     1.12858        2.21
           8     1.15423     1.98133
           8     1.17988     1.74894
           8     1.20553     1.55888
           8     1.23118      1.3982
           8     1.25683     1.24142
           8     1.28248     1.12073
           8     1.30813      1.0124
           8     1.33378    0.923508
           8     1.35943    0.857369
           8     1.38508    0.817247
           8     1.41073    0.770468
           8     1.43638    0.721672
           8     1.46203     0.70747
           8     1.48768    0.701033
           8     1.51333    0.676665
           8     1.53898    0.676073
           8     1.56463    0.679129
           8     1.59028    0.675721
           8     1.61593     0.68938
           8     1.64158    0.706031
           8     1.66723    0.730194
           8     1.69288    0.755409
           8     1.71853    0.791818
           8     1.74418    0.824072
           8     1.76983    0.864822
           8     1.79547    0.892316
           8     1.82112    0.941346
           8     1.84677    0.971504
           8     1.87242     1.02404
           8     1.89807     1.04851
           8     1.92372     1.08784
           8     1.94937     1.11567
           8     1.97502     1.15513
           8     2.00067     1.17763
           8     2.02632     1.19939
           8     2.05197     1.21303
           8     2.07762     1.20804
           8     2.10327     1.20535
           8     2.12892     1.19579
           8     2.15457     1.17846
           8     2.18022     1.14602
           8     2.20587       1.131
           8     2.23152     1.09273
           8     2.25717     1.07352
           8     2.28282      1.0519
           8     2.30847     1.01996
           8     2.33412     0.99339
           8     2.35977    0.966491
           8     2.38542    0.942981
           8     2.41107    0.926742
           8     2.43672    0.917256
           8     2.46237    0.907481
           8     2.48802     0.89309
           8     2.51366    0.890074
           8     2.53931    0.887064

           9           0           0
           9   0.0256496           0
           9   0.0512993           0
           9   0.0769489           0
           9    0.102599           0
           9    0.128248           0
           9    0.153898           0
           9    0.179547           0
           9    0.205197           0
           9    0.230847           0
           9    0.256496           0
           9    0.282146           0
           9    0.307796           0
           9    0.333445           0
           9    0.359095           0
           9    0.384745           0
           9    0.410394           0
           9    0.436044           0
           9    0.461694           0
           9    0.487343           0
           9    0.512993           0
           9    0.538642           0
           9    0.564292           0
           9    0.589942           0
           9    0.615591           0
           9    0.641241           0
           9    0.666891           0
           9     0.69254           0
           9     0.71819           0
           9     0.74384           0
           9    0.769489           0
           9    0.795139           0
           9    0.820788           0
           9    0.846438           0
           9    0.872088  0.00142143
           9    0.897737   0.0225191
           9    0.923387    0.155587
           9    0.949037    0.549628
           9    0.974686     1.16915
           9     1.00034     1.84745
           9     1.02599     2.33927
           9     1.05164     2.55253
           9     1.07728     2.55617
           9     1.10293     2.42777
           9     1.12858     2.20692
           9     1.15423      1.9914
           9     1.17988     1.77332
           9     1.20553     1.57061
           9     1.23118     1.39825
           9     1.25683     1.24686
           9     1.28248     1.12782
           9     1.30813     1.02104
           9     1.33378    0.952478
           9     1.35943    0.873272
           9     1.38508    0.813811
           9     1.41073    0.765276
           9     1.43638    0.730272
           9     1.46203    0.709483
           9     1.48768    0.690635
           9     1.51333    0.671609
           9     1.53898    0.675536
           9     1.56463    0.666676
           9     1.59028    0.671907
           9     1.61593    0.684737
           9     1.64158    0.705087
           9     1.66723    0.719228
           9     1.69288    0.751114
           9     1.71853    0.793363
           9     1.74418    0.821513
           9     1.76983    0.858506
           9     1.79547    0.893864
           9     1.82112    0.936435
           9     1.84677    0.972542
           9     1.87242     1.01542
           9     1.89807     1.05393
           9     1.92372     1.09331
           9     1.94937     1.12382
           9     1.97502     1.15523
           9     2.00067     1.17835
           9     2.02632     1.18792
           9     2.05197      1.2055
           9     2.07762     1.21534
           9     2.10327     1.20466
           9     2.12892     1.18803
           9     2.15457      1.1738
           9     2.18022     1.15243
           9     2.20587     1.12392
           9     2.23152     1.09787
           9     2.25717     1.07269
           9     2.28282     1.04848
           9     2.30847     1.02242
           9     2.33412    0.999472
           9     2.35977    0.976078
           9     2.38542     0.95769
           9     2.41107    0.938996
           9     2.43672    0.922067
           9     2.46237    0.912428
           9     2.48802    0.895008
           9     2.51366    0.886918
           9     2.53931    0.884865

          10           0           0
          10   0.0256496           0
          10   0.0512993           0
          10   0.0769489           0
          10    0.102599           0
          10    0.128248           0
          10    0.153898           0
          10    0.179547           0
          10    0.205197           0
          10    0.230847           0
          10    0.256496           0
          10    0.282146           0
          10    0.307796           0
          10    0.333445           0
          10    0.359095           0
          10    0.384745           0
          10    0.410394           0
          10    0.436044           0
          10    0.461694           0
          10    0.487343           0
          10    0.512993           0
          10    0.538642           0
          10    0.564292           0
          10    0.589942           0
          10    0.615591           0
          10    0.641241           0
          10    0.666891           0
          10     0.69254           0
          10     0.71819           0
          10     0.74384           0
          10    0.769489           0
          10    0.795139           0
          10    0.820788           0
          10    0.846438           0
          10    0.872088  0.00165069
          10    0.897737   0.0254206
          10    0.923387    0.160135
          10    0.949037    0.570353
          10    0.974686     1.20851
          10     1.00034     1.84465
          10     1.02599     2.32609
          10     1.05164     2.55145
          10     1.07728     2.54366
          10     1.10293     2.42535
          10     1.12858     2.20989
          10     1.15423     1.97028
          10     1.17988     1.75926
          10     1.20553     1.56928
          10     1.23118     1.39326
          10     1.25683     1.24298
          10     1.28248     1.12976
          10     1.30813     1.02244
          10     1.33378    0.934597
          10     1.35943    0.874912
          10     1.38508    0.816034
          10     1.41073     0.77185
          10     1.43638    0.731503
          10     1.46203    0.701411
          10     1.48768    0.682214
          10     1.51333    0.678161
          10     1.53898    0.667588
          10     1.56463    0.668956
          10     1.59028    0.670426
          10     1.61593    0.684791
          10     1.64158    0.697386
          10     1.66723     0.72106
          10     1.69288    0.746239
          10     1.71853    0.778485
          10     1.74418    0.823805
          10     1.76983     0.86428
          10     1.79547    0.909062
          10     1.82112    0.947676
          10     1.84677    0.984753
          10     1.87242     1.02164
          10     1.89807     1.06048
          10     1.92372     1.10275
          10     1.94937     1.13093
          10     1.97502     1.14712
          10     2.00067     1.18142
          10     2.02632     1.20288
          10     2.05197     1.21196
          10     2.07762     1.21951
          10     2.10327     1.20218
          10     2.12892     1.18599
          10     2.15457     1.17042
          10     2.18022     1.14676
          10     2.20587      1.1224
          10     2.23152     1.09375
          10     2.25717      1.0662
          10     2.28282     1.04214
          10     2.30847     1.00943
          10     2.33412    0.983233
          10     2.35977    0.964481
          10     2.38542     0.94531
          10     2.41107    0.936557
          10     2.43672    0.921953
          10     2.46237    0.908583
          10     2.48802     0.89247
          10     2.51366    0.879819
          10     2.53931    0.889165

          11           0           0
          11   0.0256496           0
          11   0.0512993           0
          11   0.0769489           0
          11    0.102599           0
          11    0.128248           0
          11    0.153898           0
          11    0.179547           0
          11    0.205197           0
          11    0.230847           0
          11    0.256496           0
          11    0.282146           0
          11    0.307796           0
          11    0.333445           0
          11    0.359095           0
          11    0.384745           0
          11    0.410394           0
          11    0.436044           0
          11    0.461694           0
          11    0.487343           0
          11    0.512993           0
          11    0.538642           0
          11    0.564292           0
          11    0.589942           0
          11    0.615591           0
          11    0.641241           0
          11    0.666891           0
          11     0.69254           0
          11     0.71819           0
          11     0.74384           0
          11    0.769489           0
          11    0.795139           0
          11    0.820788           0
          11    0.846438           0
          11    0.872088  0.00119217
          11    0.897737   0.0225624
          11    0.923387    0.160626
          11    0.949037    0.563406
          11    0.974686     1.19044
          11     1.00034     1.85738
          11     1.02599     2.33019
          11     1.05164     2.53703
          11     1.07728     2.53212
          11     1.10293     2.42082
          11     1.12858     2.18343
          11     1.15423     1.98114
          11     1.17988      1.7707
          11     1.20553     1.59356
          11     1.23118     1.40695
          11     1.25683     1.25788
          11     1.28248     1.14048
          11     1.30813      1.0197
          11     1.33378    0.944201
          11     1.35943    0.876952
          11     1.38508    0.817228
          11     1.41073    0.765754
          11     1.43638    0.731298
          11     1.46203    0.708988
          11     1.48768    0.676552
          11     1.51333    0.671362
          11     1.53898    0.661758
          11     1.56463    0.660413
          11     1.59028    0.671446
          11     1.61593    0.682395
          11     1.64158    0.686405
          11     1.66723    0.717345
          11     1.69288     0.73776
          11     1.71853    0.774089
          11     1.74418     0.82099
          11     1.76983    0.857218
          11     1.79547    0.899223
          11     1.82112    0.944121
          11     1.84677    0.991347
          11     1.87242     1.03263
          11     1.89807     1.07385
          11     1.92372     1.09429
          11     1.94937     1.12826
          11     1.97502     1.16149
          11     2.00067       1.181
          11     2.02632     1.20207
          11     2.05197     1.21879
          11     2.07762     1.21322
          11     2.10327     1.20653
          11     2.12892      1.1943
          11     2.15457     1.17635
          11     2.18022     1.15293
          11     2.20587     1.12714
          11     2.23152     1.09578
          11     2.25717     1.07048
          11     2.28282     1.03409
          11     2.30847     1.01642
          11     2.33412    0.990469
          11     2.35977    0.964628
          11     2.38542    0.949131
          11     2.41107    0.939809
          11     2.43672    0.921385
          11     2.46237    0.908149
          11     2.48802    0.895277
          11     2.51366     0.88374
          11     2.53931    0.876992

          12           0           0
          12   0.0256496           0
          12   0.0512993           0
          12   0.0769489           0
          12    0.102599           0
          12    0.128248           0
          12    0.153898           0
          12    0.179547           0
          12    0.205197           0
          12    0.230847           0
          12    0.256496           0
          12    0.282146           0
          12    0.307796           0
          12    0.333445           0
          12    0.359095           0
          12    0.384745           0
          12    0.410394           0
          12    0.436044           0
          12    0.461694           0
          12    0.487343           0
          12    0.512993           0
          12    0.538642           0
          12    0.564292           0
          12    0.589942           0
          12    0.615591           0
          12    0.641241           0
          12    0.666891           0
          12     0.69254           0
          12     0.71819           0
          12     0.74384           0
          12    0.769489           0
          12    0.795139           0
          12    0.820788           0
          12    0.846438           0
          12    0.872088  0.00137558
          12    0.897737   0.0232553
          12    0.923387    0.165542
          12    0.949037    0.562862
          12    0.974686     1.20601
          12     1.00034     1.87753
          12     1.02599     2.35641
          12     1.05164     2.56954
          12     1.07728     2.54022
          12     1.10293     2.38817
          12     1.12858     2.17492
          12     1.15423     1.96401
          12     1.17988     1.74364
          12     1.20553     1.53911
          12     1.23118     1.39217
          12     1.25683     1.24038
          12     1.28248     1.11656
          12     1.30813     1.02837
          12     1.33378    0.949666
          12     1.35943    0.884694
          12     1.38508    0.819617
          12     1.41073    0.774738
          12     1.43638    0.734871
          12     1.46203    0.724522
          12     1.48768    0.690459
          12     1.51333    0.675031
          12     1.53898    0.668394
          12     1.56463    0.679418
          12     1.59028    0.675162
          12     1.61593    0.683261
          12     1.64158    0.703421
          12     1.66723    0.733247
          12     1.69288    0.749164
          12     1.71853    0.790344
          12     1.74418    0.824968
          12     1.76983    0.850359
          12     1.79547    0.900672
          12     1.82112    0.934684
          12     1.84677    0.974505
          12     1.87242     1.01179
          12     1.89807     1.04648
          12     1.92372     1.08313
          12     1.94937     1.13825
          12     1.97502     1.15392
          12     2.00067     1.17933
          12     2.02632     1.19613
          12     2.05197     1.20668
          12     2.07762     1.21237
          12     2.10327     1.20163
          12     2.12892     1.19567
          12     2.15457     1.17691
          12     2.18022     1.15133
          12     2.20587     1.12699
          12     2.23152      1.0981
          12     2.25717     1.07536
          12     2.28282     1.04136
          12     2.30847     1.01964
          12     2.33412    0.995013
          12     2.35977    0.960246
          12     2.38542    0.955667
          12     2.41107     0.94108
          12     2.43672    0.922079
          12     2.46237    0.921477
          12     2.48802    0.893538
          12     2.51366    0.887706
          12     2.53931    0.882974

          13           0           0
          13   0.0256496           0
          13   0.0512993           0
          13   0.0769489           0
          13    0.102599           0
          13    0.128248           0
          13    0.153898           0
          13    0.179547           0
          13    0.205197           0
          13    0.230847           0
          13    0.256496           0
          13    0.282146           0
          13    0.307796           0
          13    0.333445           0
          13    0.359095           0
          13    0.384745           0
          13    0.410394           0
          13    0.436044           0
          13    0.461694           0
          13    0.487343           0
          13    0.512993           0
          13    0.538642           0
          13    0.564292           0
          13    0.589942           0
          13    0.615591           0
          13    0.641241           0
          13    0.666891           0
          13     0.69254           0
          13     0.71819           0
          13     0.74384           0
          13    0.769489           0
          13    0.795139           0
          13    0.820788           0
          13    0.846438           0
          13    0.872088 0.000917052
          13    0.897737   0.0214797
          13    0.923387    0.170786
          13    0.949037    0.562203
          13    0.974686     1.20947
          13     1.00034     1.87061
          13     1.02599     2.34133
          13     1.05164     2.55205
          13     1.07728      2.5546
          13     1.10293     2.42102
          13     1.12858     2.20402
          13     1.15423     1.97394
          13     1.17988     1.74735
          13     1.20553     1.55527
          13     1.23118     1.37577
          13     1.25683     1.24104
          13     1.28248     1.12182
          13     1.30813     1.02571
          13     1.33378    0.928815
          13     1.35943    0.866579
          13     1.38508     0.82072
          13     1.41073    0.764107
          13     1.43638    0.733093
          13     1.46203    0.710821
          13     1.48768    0.691512
          13     1.51333    0.686671
          13     1.53898    0.662131
          13     1.56463    0.667787
          13     1.59028    0.671977
          13     1.61593    0.689122
          13     1.64158    0.703591
          13     1.66723    0.726887
          13     1.69288     0.75399
          13     1.71853    0.778018
          13     1.74418    0.824409
          13     1.76983    0.866495
          13     1.79547     0.89371
          13     1.82112    0.940267
          13     1.84677    0.975491
          13     1.87242     1.01245
          13     1.89807     1.05235
          13     1.92372     1.09507
          13     1.94937     1.13641
          13     1.97502     1.16265
          13     2.00067     1.19141
          13     2.02632      1.2086
          13     2.05197     1.22233
          13     2.07762     1.22071
          13     2.10327     1.22292
          13     2.12892     1.19272
          13     2.15457     1.17581
          13     2.18022     1.15238
          13     2.20587      1.1105
          13     2.23152     1.09325
          13     2.25717     1.06177
          13     2.28282     1.03218
          13     2.30847     1.00524
          13     2.33412    0.982366
          13     2.35977    0.959614
          13     2.38542    0.949568
          13     2.41107    0.924175
          13     2.43672    0.910098
          13     2.46237    0.912141
          13     2.48802     0.89379
          13     2.51366    0.883846
          13     2.53931    0.885609

          14           0           0
          14   0.0256496           0
          14   0.0512993           0
          14   0.0769489           0
          14    0.102599           0
          14    0.128248           0
          14    0.153898           0
          14    0.179547           0
          14    0.205197           0
          14    0.230847           0
          14    0.256496           0
          14    0.282146           0
          14    0.307796           0
          14    0.333445           0
          14    0.359095           0
          14    0.384745           0
          14    0.410394           0
          14    0.436044           0
          14    0.461694           0
          14    0.487343           0
          14    0.512993           0
          14    0.538642           0
          14    0.564292           0
          14    0.589942           0
          14    0.615591           0
          14    0.641241           0
          14    0.666891           0
          14     0.69254           0
          14     0.71819           0
          14     0.74384           0
          14    0.769489           0
          14    0.795139           0
          14    0.820788           0
          14    0.846438           0
          14    0.872088  0.00151314
          14    0.897737   0.0239049
          14    0.923387    0.163699
          14    0.949037    0.583665
          14    0.974686     1.21963
          14     1.00034     1.86606
          14     1.02599     2.38715
          14     1.05164      2.5768
          14     1.07728     2.54339
          14     1.10293     2.42748
          14     1.12858     2.19256
          14     1.15423     1.97487
          14     1.17988     1.75363
          14     1.20553     1.55177
          14     1.23118     1.39001
          14     1.25683     1.23026
          14     1.28248     1.11121
          14     1.30813     1.02137
          14     1.33378    0.934993
          14     1.35943    0.863699
          14     1.38508    0.804568
          14     1.41073    0.758171
          14     1.43638    0.728904
          14     1.46203    0.695501
          14     1.48768    0.679072
          14     1.51333    0.668448
          14     1.53898    0.664233
          14     1.56463    0.667989
          14     1.59028    0.673989
          14     1.61593    0.688622
          14     1.64158    0.702856
          14     1.66723    0.721734
          14     1.69288    0.747572
          14     1.71853    0.788871
          14     1.74418    0.819652
          14     1.76983    0.866992
          14     1.79547     0.90579
          14     1.82112    0.953068
          14     1.84677    0.986488
          14     1.87242     1.02943
          14     1.89807     1.06929
          14     1.92372     1.11393
          14     1.94937     1.14816
          14     1.97502     1.16839
          14     2.00067     1.19711
          14     2.02632     1.20752
          14     2.05197     1.20365
          14     2.07762     1.21567
          14     2.10327     1.20009
          14     2.12892     1.18891
          14     2.15457     1.16028
          14     2.18022     1.14015
          14     2.20587     1.10997
          14     2.23152     1.08513
          14     2.25717     1.06005
          14     2.28282     1.02337
          14     2.30847     1.00348
          14     2.33412    0.981408
          14     2.35977    0.967135
          14     2.38542    0.942413
          14     2.41107    0.934772
          14     2.43672    0.923581
          14     2.46237    0.907083
          14     2.48802    0.899957
          14     2.51366    0.891565
          14     2.53931    0.889517

          15           0           0
          15   0.0256496           0
          15   0.0512993           0
          15   0.0769489           0
          15    0.102599           0
          15    0.128248           0
          15    0.153898           0
          15    0.179547           0
          15    0.205197           0
          15    0.230847           0
          15    0.256496           0
          15    0.282146           0
          15    0.307796           0
          15    0.333445           0
          15    0.359095           0
          15    0.384745           0
          15    0.410394           0
          15    0.436044           0
          15    0.461694           0
          15    0.487343           0
          15    0.512993           0
          15    0.538642           0
          15    0.564292           0
          15    0.589942           0
          15    0.615591           0
          15    0.641241           0
          15    0.666891           0
          15     0.69254           0
          15     0.71819           0
          15     0.74384           0
          15    0.769489           0
          15    0.795139           0
          15    0.820788           0
          15    0.846438           0
          15    0.872088  0.00128387
          15    0.897737   0.0249875
          15    0.923387    0.153375
          15    0.949037    0.567675
          15    0.974686     1.23602
          15     1.00034     1.87379
          15     1.02599     2.34323
          15     1.05164     2.58029
          15     1.07728     2.54662
          15     1.10293     2.40499
          15     1.12858     2.18341
          15     1.15423     1.95338
          15     1.17988     1.73892
          15     1.20553     1.54869
          15     1.23118     1.37588
          15     1.25683      1.2283
          15     1.28248     1.10027
          15     1.30813      1.0282
          15     1.33378    0.924637
          15     1.35943    0.860458
          15     1.38508    0.818184
          15     1.41073    0.770964
          15     1.43638    0.740222
          15     1.46203    0.718645
          15     1.48768    0.701655
          15     1.51333    0.676927
          15     1.53898    0.680651
          15     1.56463    0.678162
          15     1.59028    0.679312
          15     1.61593    0.689731
          15     1.64158    0.708944
          15     1.66723    0.724927
          15     1.69288    0.757668
          15     1.71853    0.786343
          15     1.74418    0.822432
          15     1.76983    0.863286
          15     1.79547    0.900672
          15     1.82112    0.945424
          15     1.84677    0.978316
          15     1.87242     1.01748
          15     1.89807      1.0612
          15     1.92372     1.09089
          15     1.94937     1.13189
          15     1.97502      1.1602
          15     2.00067     1.18956
          15     2.02632     1.19299
          15     2.05197     1.20373
          15     2.07762     1.20679
          15     2.10327     1.20072
          15     2.12892      1.1919
          15     2.15457     1.16823
          15     2.18022     1.14427
          15     2.20587     1.11389
          15     2.23152     1.08456
          15     2.25717     1.05854
          15     2.28282     1.03936
          15     2.30847     1.01298
          15     2.33412    0.984029
          15     2.35977    0.967786
          15     2.38542    0.950279
          15     2.41107    0.939258
          15     2.43672    0.922199
          15     2.46237    0.912234
          15     2.48802    0.902661
          15     2.51366    0.886355
          15     2.53931    0.895455

          16           0           0
          16   0.0256496           0
          16   0.0512993           0
          16   0.0769489           0
          16    0.102599           0
          16    0.128248           0
          16    0.153898           0
          16    0.179547           0
          16    0.205197           0
          16    0.230847           0
          16    0.256496           0
          16    0.282146           0
          16    0.307796           0
          16    0.333445           0
          16    0.359095           0
          16    0.384745           0
          16    0.410394           0
          16    0.436044           0
          16    0.461694           0
          16    0.487343           0
          16    0.512993           0
          16    0.538642           0
          16    0.564292           0
          16    0.589942           0
          16    0.615591           0
          16    0.641241           0
          16    0.666891           0
          16     0.69254           0
          16     0.71819           0
          16     0.74384           0
          16    0.769489           0
          16    0.795139           0
          16    0.820788           0
          16    0.846438           0
          16    0.872088 0.000962905
          16    0.897737    0.022649
          16    0.923387    0.160544
          16    0.949037    0.562785
          16    0.974686     1.18801
          16     1.00034     1.84112
          16     1.02599     2.35085
          16     1.05164     2.55262
          16     1.07728     2.54514
          16     1.10293      2.3925
          16     1.12858     2.20929
          16     1.15423     1.96754
          16     1.17988     1.76264
          16     1.20553     1.56108
          16     1.23118     1.38876
          16     1.25683     1.25002
          16     1.28248     1.12563
          16     1.30813     1.02761
          16     1.33378    0.949785
          16     1.35943    0.873482
          16     1.38508    0.833784
          16     1.41073    0.786326
          16     1.43638    0.753592
          16     1.46203     0.72297
          16     1.48768    0.692437
          16     1.51333    0.677652
          16     1.53898    0.675119
          16     1.56463    0.668047
          16     1.59028    0.682204
          16     1.61593    0.682937
          16     1.64158    0.700797
          16     1.66723     0.72424
          16     1.69288    0.748004
          16     1.71853     0.77803
          16     1.74418    0.810603
          16     1.76983    0.843263
          16     1.79547    0.882246
          16     1.82112    0.925929
          16     1.84677    0.966426
          16     1.87242     1.00314
          16     1.89807     1.05521
          16     1.92372     1.09496
          16     1.94937     1.12515
          16     1.97502     1.15376
          16     2.00067     1.18448
          16     2.02632      1.1959
          16     2.05197     1.21074
          16     2.07762     1.21836
          16     2.10327     1.20757
          16     2.12892      1.1981
          16     2.15457     1.18605
          16     2.18022     1.14351
          16     2.20587     1.12626
          16     2.23152     1.10077
          16     2.25717     1.07853
          16     2.28282     1.04566
          16     2.30847     1.02402
          16     2.33412    0.997986
          16     2.35977    0.975919
          16     2.38542    0.955879
          16     2.41107    0.933843
          16     2.43672    0.926029
          16     2.46237    0.910746
          16     2.48802    0.894629
          16     2.51366    0.890389
          16     2.53931    0.888696

          17           0           0
          17   0.0256496           0
          17   0.0512993           0
          17   0.0769489           0
          17    0.102599           0
          17    0.128248           0
          17    0.153898           0
          17    0.179547           0
          17    0.205197           0
          17    0.230847           0
          17    0.256496           0
          17    0.282146           0
          17    0.307796           0
          17    0.333445           0
          17    0.359095           0
          17    0.384745           0
          17    0.410394           0
          17    0.436044           0
          17    0.461694           0
          17    0.487343           0
          17    0.512993           0
          17    0.538642           0
          17    0.564292           0
          17    0.589942           0
          17    0.615591           0
          17    0.641241           0
          17    0.666891           0
          17     0.69254           0
          17     0.71819           0
          17     0.74384           0
          17    0.769489           0
          17    0.795139           0
          17    0.820788           0
          17    0.846438           0
          17    0.872088 0.000687789
          17    0.897737   0.0233852
          17    0.923387    0.166157
          17    0.949037    0.561077
          17    0.974686     1.18727
          17     1.00034     1.87393
          17     1.02599     2.32743
          17     1.05164     2.56504
          17     1.07728     2.57814
          17     1.10293     2.40741
          17     1.12858     2.18572
          17     1.15423     1.96548
          17     1.17988     1.73942
          17     1.20553     1.54918
          17     1.23118     1.38481
          17     1.25683     1.23648
          17     1.28248      1.1312
          17     1.30813     1.02551
          17     1.33378     0.94434
          17     1.35943    0.882215
          17     1.38508    0.814252
          17     1.41073    0.771619
          17     1.43638    0.743402
          17     1.46203    0.712603
          17     1.48768    0.695866
          17     1.51333     0.67315
          17     1.53898    0.678578
          17     1.56463    0.673819
          17     1.59028    0.674492
          17     1.61593    0.686916
          17     1.64158    0.702096
          17     1.66723    0.730232
          17     1.69288    0.754693
          17     1.71853     0.77809
          17     1.74418    0.810172
          17     1.76983    0.853941
          17     1.79547     0.88867
          17     1.82112    0.935089
          17     1.84677     0.97763
          17     1.87242      1.0179
          17     1.89807     1.05531
          17     1.92372     1.08981
          17     1.94937     1.13214
          17     1.97502     1.15994
          17     2.00067     1.18676
          17     2.02632     1.20799
          17     2.05197     1.21426
          17     2.07762     1.21682
          17     2.10327     1.21298
          17     2.12892      1.1983
          17     2.15457     1.17306
          17     2.18022     1.14161
          17     2.20587      1.1167
          17     2.23152     1.09479
          17     2.25717     1.06113
          17     2.28282     1.03803
          17     2.30847      1.0143
          17     2.33412    0.995998
          17     2.35977    0.967569
          17     2.38542    0.948313
          17     2.41107    0.933232
          17     2.43672    0.920062
          17     2.46237    0.907839
          17     2.48802    0.894031
          17     2.51366    0.880606
          17     2.53931    0.885239

          18           0           0
          18   0.0256496           0
          18   0.0512993           0
          18   0.0769489           0
          18    0.102599           0
          18    0.128248           0
          18    0.153898           0
          18    0.179547           0
          18    0.205197           0
          18    0.230847           0
          18    0.256496           0
          18    0.282146           0
          18    0.307796           0
          18    0.333445           0
          18    0.359095           0
          18    0.384745           0
          18    0.410394           0
          18    0.436044           0
          18    0.461694           0
          18    0.487343           0
          18    0.512993           0
          18    0.538642           0
          18    0.564292           0
          18    0.589942           0
          18    0.615591           0
          18    0.641241           0
          18    0.666891           0
          18     0.69254           0
          18     0.71819           0
          18     0.74384           0
          18    0.769489           0
          18    0.795139           0
          18    0.820788           0
          18    0.846438           0
          18    0.872088   0.0017424
          18    0.897737    0.025767
          18    0.923387     0.17267
          18    0.949037    0.576873
          18    0.974686     1.21396
          18     1.00034     1.88026
          18     1.02599     2.35714
          18     1.05164      2.5517
          18     1.07728     2.55091
          18     1.10293     2.39045
          18     1.12858     2.17561
          18     1.15423     1.96498
          18     1.17988     1.74402
          18     1.20553     1.55585
          18     1.23118     1.37783
          18     1.25683     1.23873
          18     1.28248     1.11804
          18     1.30813     1.02452
          18     1.33378    0.939686
          18     1.35943    0.870068
          18     1.38508    0.823568
          18     1.41073     0.78365
          18     1.43638    0.749386
          18     1.46203    0.703904
          18     1.48768    0.690332
          18     1.51333    0.690108
          18     1.53898    0.669452
          18     1.56463    0.673718
          18     1.59028    0.675637
          18     1.61593    0.685657
          18     1.64158    0.706923
          18     1.66723    0.719393
          18     1.69288    0.748387
          18     1.71853     0.78463
          18     1.74418    0.806671
          18     1.76983    0.846088
          18     1.79547    0.901452
          18     1.82112    0.936061
          18     1.84677    0.972117
          18     1.87242     1.00966
          18     1.89807     1.05335
          18     1.92372     1.09387
          18     1.94937     1.13279
          18     1.97502     1.16603
          18     2.00067     1.19611
          18     2.02632      1.2031
          18     2.05197      1.2188
          18     2.07762     1.21245
          18     2.10327     1.20979
          18     2.12892     1.20506
          18     2.15457      1.1844
          18     2.18022     1.15109
          18     2.20587      1.1234
          18     2.23152     1.09647
          18     2.25717     1.06753
          18     2.28282     1.03092
          18     2.30847     1.00628
          18     2.33412    0.983025
          18     2.35977    0.961362
          18     2.38542    0.945697
          18     2.41107    0.931918
          18     2.43672    0.915921
          18     2.46237    0.904058
          18     2.48802    0.896776
          18     2.51366    0.887593
          18     2.53931    0.887649

          19           0           0
          19   0.0256496           0
          19   0.0512993           0
          19   0.0769489           0
          19    0.102599           0
          19    0.128248           0
          19    0.153898           0
          19    0.179547           0
          19    0.205197           0
          19    0.230847           0
          19    0.256496           0
          19    0.282146           0
          19    0.307796           0
          19    0.333445           0
          19    0.359095           0
          19    0.384745           0
          19    0.410394           0
          19    0.436044           0
          19    0.461694           0
          19    0.487343           0
          19    0.512993           0
          19    0.538642           0
          19    0.564292           0
          19    0.589942           0
          19    0.615591           0
          19    0.641241           0
          19    0.666891           0
          19     0.69254           0
          19     0.71819           0
          19     0.74384           0
          19    0.769489           0
          19    0.795139           0
          19    0.820788           0
          19    0.846438           0
          19    0.872088 0.000962905
          19    0.897737   0.0229954
          19    0.923387    0.162593
          19    0.949037    0.562668
          19    0.974686     1.15336
          19     1.00034     1.84255
          19     1.02599     2.29678
          19     1.05164     2.54771
          19     1.07728     2.55091
          19     1.10293     2.39475
          19     1.12858     2.19975
          19     1.15423     1.96846
          19     1.17988     1.75409
          19     1.20553     1.56328
          19     1.23118     1.39867
          19     1.25683     1.25969
          19     1.28248     1.13882
          19     1.30813     1.05524
          19     1.33378    0.952003
          19     1.35943    0.891139
          19     1.38508    0.826508
          19     1.41073     0.78824
          19     1.43638    0.753267
          19     1.46203    0.722475
          19     1.48768    0.688099
          19     1.51333    0.682446
          19     1.53898    0.679517
          19     1.56463    0.664685
          19     1.59028    0.665969
          19     1.61593    0.691748
          19     1.64158    0.704129
          19     1.66723    0.720958
          19     1.69288    0.743425
          19     1.71853    0.775826
          19     1.74418    0.800285
          19     1.76983    0.837602
          19     1.79547    0.885727
          19     1.82112    0.937758
          19     1.84677    0.972937
          19     1.87242     1.01043
          19     1.89807     1.04995
          19     1.92372     1.08493
          19     1.94937     1.11558
          19     1.97502     1.14974
          19     2.00067     1.17975
          19     2.02632     1.20149
          19     2.05197       1.199
          19     2.07762     1.21198
          19     2.10327     1.20916
          19     2.12892     1.19426
          19     2.15457     1.17979
          19     2.18022     1.15859
          19     2.20587     1.13198
          19     2.23152     1.09989
          19     2.25717     1.07654
          19     2.28282     1.04538
          19     2.30847     1.02132
          19     2.33412      1.0049
          19     2.35977    0.981079
          19     2.38542    0.956716
          19     2.41107    0.944515
          19     2.43672    0.927974
          19     2.46237    0.913424
          19     2.48802     0.90246
          19     2.51366    0.888206
          19     2.53931    0.887808

          20           0           0
          20   0.0256496           0
          20   0.0512993           0
          20   0.0769489           0
          20    0.102599           0
          20    0.128248           0
          20    0.153898           0
          20    0.179547           0
          20    0.205197           0
          20    0.230847           0
          20    0.256496           0
          20    0.282146           0
          20    0.307796           0
          20    0.333445           0
          20    0.359095           0
          20    0.384745           0
          20    0.410394           0
          20    0.436044           0
          20    0.461694           0
          20    0.487343           0
          20    0.512993           0
          20    0.538642           0
          20    0.564292           0
          20    0.589942           0
          20    0.615591           0
          20    0.641241           0
          20    0.666891           0
          20     0.69254           0
          20     0.71819           0
          20     0.74384           0
          20    0.769489           0
          20    0.795139           0
          20    0.820788           0
          20    0.846438           0
          20    0.872088  0.00114632
          20    0.897737   0.0223892
          20    0.923387    0.165583
          20    0.949037    0.586187
          20    0.974686     1.21091
          20     1.00034     1.88201
          20     1.02599     2.34722
          20     1.05164     2.56419
          20     1.07728     2.56016
          20     1.10293     2.41597
          20     1.12858     2.19132
          20     1.15423     1.96664
          20     1.17988     1.76497
          20     1.20553     1.56304
          20     1.23118     1.39354
          20     1.25683     1.23612
          20     1.28248     1.09925
          20     1.30813      1.0137
          20     1.33378    0.929568
          20     1.35943    0.867818
          20     1.38508    0.812782
          20     1.41073    0.769989
          20     1.43638    0.735794
          20     1.46203    0.705852
          20     1.48768    0.688689
          20     1.51333    0.671624
          20     1.53898    0.667678
          20     1.56463    0.672376
          20     1.59028     0.66724
          20     1.61593    0.690395
          20     1.64158    0.704011
          20     1.66723    0.732001
          20     1.69288    0.747461
          20     1.71853    0.784151
          20     1.74418     0.81964
          20     1.76983    0.863286
          20     1.79547    0.897071
          20     1.82112    0.945274
          20     1.84677     0.98656
          20     1.87242     1.02745
          20     1.89807     1.07094
          20     1.92372     1.10668
          20     1.94937     1.12738
          20     1.97502     1.16086
          20     2.00067     1.18852
          20     2.02632     1.20721
          20     2.05197     1.20631
          20     2.07762     1.21009
          20     2.10327     1.19869
          20     2.12892     1.19414
          20     2.15457     1.16783
          20     2.18022     1.14642
          20     2.20587     1.11367
          20     2.23152     1.09213
          20     2.25717     1.06335
          20     2.28282     1.03325
          20     2.30847     1.01129
          20     2.33412    0.975821
          20     2.35977    0.966006
          20     2.38542    0.947139
          20     2.41107    0.934186
          20     2.43672    0.917645
          20     2.46237    0.904633
          20     2.48802    0.899836
          20     2.51366    0.884516
          20     2.53931    0.886485

