#    BLOCK:   VELOCITY:    ACTUAL_POFV:
           1           0   0.0117593
           1    0.266667   0.0149074
           1    0.533333   0.0552778
           1         0.8   0.0897222
           1     1.06667   0.0912037
           1     1.33333   0.0934259
           1         1.6    0.127315
           1     1.86667    0.154815
           1     2.13333    0.125278
           1         2.4   0.0657407
           1     2.66667    0.072037
           1     2.93333   0.0512037
           1         3.2   0.0374074
           1     3.46667  0.00990741
           1     3.73333           0
           1           4           0
           1     4.26667           0
           1     4.53333           0
           1         4.8           0
           1     5.06667           0
           1     5.33333           0
           1         5.6           0
           1     5.86667           0
           1     6.13333           0
           1         6.4           0
           1     6.66667           0
           1     6.93333           0
           1         7.2           0
           1     7.46667           0
           1     7.73333           0

           2           0  0.00925926
           2    0.266667  0.00398148
           2    0.533333   0.0546296
           2         0.8   0.0977778
           2     1.06667   0.0965741
           2     1.33333    0.124444
           2         1.6    0.132407
           2     1.86667      0.1125
           2     2.13333    0.111019
           2         2.4   0.0890741
           2     2.66667   0.0547222
           2     2.93333   0.0787037
           2         3.2   0.0163889
           2     3.46667   0.0159259
           2     3.73333  0.00259259
           2           4           0
           2     4.26667           0
           2     4.53333           0
           2         4.8           0
           2     5.06667           0
           2     5.33333           0
           2         5.6           0
           2     5.86667           0
           2     6.13333           0
           2         6.4           0
           2     6.66667           0
           2     6.93333           0
           2         7.2           0
           2     7.46667           0
           2     7.73333           0

           3           0  0.00990741
           3    0.266667   0.0140741
           3    0.533333   0.0494444
           3         0.8   0.0835185
           3     1.06667    0.123148
           3     1.33333    0.138056
           3         1.6    0.125185
           3     1.86667   0.0942593
           3     2.13333   0.0752778
           3         2.4    0.102593
           3     2.66667      0.0825
           3     2.93333   0.0701852
           3         3.2       0.015
           3     3.46667   0.0105556
           3     3.73333   0.0062963
           3           4           0
           3     4.26667           0
           3     4.53333           0
           3         4.8           0
           3     5.06667           0
           3     5.33333           0
           3         5.6           0
           3     5.86667           0
           3     6.13333           0
           3         6.4           0
           3     6.66667           0
           3     6.93333           0
           3         7.2           0
           3     7.46667           0
           3     7.73333           0

           4           0  0.00361111
           4    0.266667   0.0233333
           4    0.533333   0.0387037
           4         0.8   0.0766667
           4     1.06667    0.103611
           4     1.33333    0.174444
           4         1.6    0.114815
           4     1.86667    0.109074
           4     2.13333    0.112593
           4         2.4   0.0837963
           4     2.66667   0.0664815
           4     2.93333   0.0540741
           4         3.2  0.00805556
           4     3.46667   0.0214815
           4     3.73333  0.00925926
           4           4           0
           4     4.26667           0
           4     4.53333           0
           4         4.8           0
           4     5.06667           0
           4     5.33333           0
           4         5.6           0
           4     5.86667           0
           4     6.13333           0
           4         6.4           0
           4     6.66667           0
           4     6.93333           0
           4         7.2           0
           4     7.46667           0
           4     7.73333           0

           5           0  0.00546296
           5    0.266667   0.0138889
           5    0.533333        0.05
           5         0.8    0.106111
           5     1.06667   0.0766667
           5     1.33333    0.155556
           5         1.6    0.139907
           5     1.86667   0.0886111
           5     2.13333    0.127593
           5         2.4   0.0869444
           5     2.66667   0.0381481
           5     2.93333   0.0740741
           5         3.2  0.00925926
           5     3.46667   0.0108333
           5     3.73333   0.0169444
           5           4           0
           5     4.26667           0
           5     4.53333           0
           5         4.8           0
           5     5.06667           0
           5     5.33333           0
           5         5.6           0
           5     5.86667           0
           5     6.13333           0
           5         6.4           0
           5     6.66667           0
           5     6.93333           0
           5         7.2           0
           5     7.46667           0
           5     7.73333           0

           6           0           0
           6    0.266667  0.00925926
           6    0.533333   0.0626852
           6         0.8    0.109537
           6     1.06667   0.0738889
           6     1.33333    0.139074
           6         1.6    0.134352
           6     1.86667   0.0901852
           6     2.13333    0.151852
           6         2.4   0.0726852
           6     2.66667   0.0307407
           6     2.93333   0.0857407
           6         3.2   0.0122222
           6     3.46667   0.0178704
           6     3.73333  0.00990741
           6           4           0
           6     4.26667           0
           6     4.53333           0
           6         4.8           0
           6     5.06667           0
           6     5.33333           0
           6         5.6           0
           6     5.86667           0
           6     6.13333           0
           6         6.4           0
           6     6.66667           0
           6     6.93333           0
           6         7.2           0
           6     7.46667           0
           6     7.73333           0

           7           0  0.00037037
           7    0.266667        0.01
           7    0.533333   0.0546296
           7         0.8    0.111852
           7     1.06667   0.0826852
           7     1.33333    0.139352
           7         1.6     0.10713
           7     1.86667    0.134444
           7     2.13333    0.126667
           7         2.4   0.0896296
           7     2.66667   0.0258333
           7     2.93333   0.0718519
           7         3.2    0.022963
           7     3.46667   0.0133333
           7     3.73333  0.00925926
           7           4           0
           7     4.26667           0
           7     4.53333           0
           7         4.8           0
           7     5.06667           0
           7     5.33333           0
           7         5.6           0
           7     5.86667           0
           7     6.13333           0
           7         6.4           0
           7     6.66667           0
           7     6.93333           0
           7         7.2           0
           7     7.46667           0
           7     7.73333           0

           8           0           0
           8    0.266667   0.0208333
           8    0.533333    0.037963
           8         0.8   0.0767593
           8     1.06667      0.1375
           8     1.33333    0.125278
           8         1.6    0.104815
           8     1.86667     0.11787
           8     2.13333    0.156667
           8         2.4      0.0725
           8     2.66667   0.0389815
           8     2.93333   0.0677778
           8         3.2   0.0209259
           8     3.46667   0.0124074
           8     3.73333  0.00972222
           8           4           0
           8     4.26667           0
           8     4.53333           0
           8         4.8           0
           8     5.06667           0
           8     5.33333           0
           8         5.6           0
           8     5.86667           0
           8     6.13333           0
           8         6.4           0
           8     6.66667           0
           8     6.93333           0
           8         7.2           0
           8     7.46667           0
           8     7.73333           0

           9           0           0
           9    0.266667   0.0257407
           9    0.533333   0.0476852
           9         0.8   0.0744444
           9     1.06667    0.112037
           9     1.33333    0.108704
           9         1.6    0.126667
           9     1.86667    0.121667
           9     2.13333    0.141296
           9         2.4       0.085
           9     2.66667   0.0442593
           9     2.93333   0.0668519
           9         3.2   0.0178704
           9     3.46667   0.0244444
           9     3.73333  0.00333333
           9           4           0
           9     4.26667           0
           9     4.53333           0
           9         4.8           0
           9     5.06667           0
           9     5.33333           0
           9         5.6           0
           9     5.86667           0
           9     6.13333           0
           9         6.4           0
           9     6.66667           0
           9     6.93333           0
           9         7.2           0
           9     7.46667           0
           9     7.73333           0

          10           0           0
          10    0.266667   0.0277778
          10    0.533333   0.0702778
          10         0.8   0.0551852
          10     1.06667   0.0764815
          10     1.33333    0.115741
          10         1.6     0.13713
          10     1.86667    0.125556
          10     2.13333     0.14787
          10         2.4   0.0955556
          10     2.66667   0.0232407
          10     2.93333   0.0756481
          10         3.2   0.0308333
          10     3.46667   0.0122222
          10     3.73333  0.00648148
          10           4           0
          10     4.26667           0
          10     4.53333           0
          10         4.8           0
          10     5.06667           0
          10     5.33333           0
          10         5.6           0
          10     5.86667           0
          10     6.13333           0
          10         6.4           0
          10     6.66667           0
          10     6.93333           0
          10         7.2           0
          10     7.46667           0
          10     7.73333           0

          11           0 0.000462963
          11    0.266667   0.0366667
          11    0.533333   0.0575926
          11         0.8   0.0622222
          11     1.06667   0.0931481
          11     1.33333    0.123333
          11         1.6    0.108704
          11     1.86667    0.118796
          11     2.13333    0.114352
          11         2.4    0.119444
          11     2.66667   0.0286111
          11     2.93333   0.0946296
          11         3.2    0.012037
          11     3.46667   0.0272222
          11     3.73333  0.00277778
          11           4           0
          11     4.26667           0
          11     4.53333           0
          11         4.8           0
          11     5.06667           0
          11     5.33333           0
          11         5.6           0
          11     5.86667           0
          11     6.13333           0
          11         6.4           0
          11     6.66667           0
          11     6.93333           0
          11         7.2           0
          11     7.46667           0
          11     7.73333           0

          12           0 0.000740741
          12    0.266667   0.0122222
          12    0.533333   0.0637963
          12         0.8   0.0715741
          12     1.06667    0.111852
          12     1.33333    0.117778
          12         1.6    0.141296
          12     1.86667   0.0698148
          12     2.13333   0.0923148
          12         2.4    0.121204
          12     2.66667   0.0614815
          12     2.93333   0.0798148
          12         3.2   0.0278704
          12     3.46667      0.0275
          12     3.73333 0.000740741
          12           4           0
          12     4.26667           0
          12     4.53333           0
          12         4.8           0
          12     5.06667           0
          12     5.33333           0
          12         5.6           0
          12     5.86667           0
          12     6.13333           0
          12         6.4           0
          12     6.66667           0
          12     6.93333           0
          12         7.2           0
          12     7.46667           0
          12     7.73333           0

          13           0           0
          13    0.266667   0.0119444
          13    0.533333   0.0643519
          13         0.8   0.0722222
          13     1.06667    0.109167
          13     1.33333    0.117778
          13         1.6     0.13787
          13     1.86667    0.082037
          13     2.13333   0.0991667
          13         2.4   0.0981481
          13     2.66667   0.0709259
          13     2.93333   0.0887963
          13         3.2   0.0198148
          13     3.46667   0.0186111
          13     3.73333  0.00916667
          13           4           0
          13     4.26667           0
          13     4.53333           0
          13         4.8           0
          13     5.06667           0
          13     5.33333           0
          13         5.6           0
          13     5.86667           0
          13     6.13333           0
          13         6.4           0
          13     6.66667           0
          13     6.93333           0
          13         7.2           0
          13     7.46667           0
          13     7.73333           0

          14           0           0
          14    0.266667   0.0106481
          14    0.533333   0.0365741
          14         0.8   0.0899074
          14     1.06667     0.12463
          14     1.33333   0.0953704
          14         1.6    0.128056
          14     1.86667    0.110278
          14     2.13333    0.125741
          14         2.4   0.0869444
          14     2.66667   0.0618519
          14     2.93333   0.0741667
          14         3.2   0.0262037
          14     3.46667   0.0181481
          14     3.73333  0.00601852
          14           4  0.00416667
          14     4.26667   0.0012963
          14     4.53333           0
          14         4.8           0
          14     5.06667           0
          14     5.33333           0
          14         5.6           0
          14     5.86667           0
          14     6.13333           0
          14         6.4           0
          14     6.66667           0
          14     6.93333           0
          14         7.2           0
          14     7.46667           0
          14     7.73333           0

          15           0 9.25926e-05
          15    0.266667  0.00342593
          15    0.533333   0.0401852
          15         0.8    0.103611
          15     1.06667   0.0973148
          15     1.33333   0.0911111
          15         1.6    0.128981
          15     1.86667    0.145185
          15     2.13333    0.141852
          15         2.4   0.0759259
          15     2.66667   0.0518519
          15     2.93333   0.0806481
          15         3.2   0.0144444
          15     3.46667    0.017963
          15     3.73333 0.000740741
          15           4  0.00277778
          15     4.26667  0.00388889
          15     4.53333           0
          15         4.8           0
          15     5.06667           0
          15     5.33333           0
          15         5.6           0
          15     5.86667           0
          15     6.13333           0
          15         6.4           0
          15     6.66667           0
          15     6.93333           0
          15         7.2           0
          15     7.46667           0
          15     7.73333           0

          16           0           0
          16    0.266667    0.015463
          16    0.533333      0.0225
          16         0.8   0.0907407
          16     1.06667    0.101759
          16     1.33333    0.150185
          16         1.6   0.0805556
          16     1.86667    0.133148
          16     2.13333    0.152407
          16         2.4   0.0748148
          16     2.66667    0.069537
          16     2.93333   0.0713889
          16         3.2   0.0281481
          16     3.46667 9.25926e-05
          16     3.73333           0
          16           4  0.00925926
          16     4.26667           0
          16     4.53333           0
          16         4.8           0
          16     5.06667           0
          16     5.33333           0
          16         5.6           0
          16     5.86667           0
          16     6.13333           0
          16         6.4           0
          16     6.66667           0
          16     6.93333           0
          16         7.2           0
          16     7.46667           0
          16     7.73333           0

          17           0           0
          17    0.266667   0.0242593
          17    0.533333    0.024537
          17         0.8   0.0537037
          17     1.06667    0.143981
          17     1.33333    0.141944
          17         1.6   0.0893519
          17     1.86667    0.103704
          17     2.13333    0.156389
          17         2.4   0.0782407
          17     2.66667   0.0762037
          17     2.93333   0.0647222
          17         3.2   0.0230556
          17     3.46667   0.0106481
          17     3.73333           0
          17           4  0.00925926
          17     4.26667           0
          17     4.53333           0
          17         4.8           0
          17     5.06667           0
          17     5.33333           0
          17         5.6           0
          17     5.86667           0
          17     6.13333           0
          17         6.4           0
          17     6.66667           0
          17     6.93333           0
          17         7.2           0
          17     7.46667           0
          17     7.73333           0

          18           0 0.000925926
          18    0.266667   0.0206481
          18    0.533333    0.042037
          18         0.8   0.0484259
          18     1.06667    0.117963
          18     1.33333    0.123148
          18         1.6    0.127407
          18     1.86667    0.121944
          18     2.13333    0.109259
          18         2.4   0.0868519
          18     2.66667   0.0869444
          18     2.93333   0.0600926
          18         3.2   0.0291667
          18     3.46667   0.0159259
          18     3.73333           0
          18           4  0.00925926
          18     4.26667           0
          18     4.53333           0
          18         4.8           0
          18     5.06667           0
          18     5.33333           0
          18         5.6           0
          18     5.86667           0
          18     6.13333           0
          18         6.4           0
          18     6.66667           0
          18     6.93333           0
          18         7.2           0
          18     7.46667           0
          18     7.73333           0

          19           0           0
          19    0.266667   0.0277778
          19    0.533333   0.0207407
          19         0.8   0.0758333
          19     1.06667   0.0977778
          19     1.33333    0.100278
          19         1.6    0.135185
          19     1.86667    0.127593
          19     2.13333    0.116574
          19         2.4   0.0976852
          19     2.66667   0.0778704
          19     2.93333   0.0617593
          19         3.2   0.0383333
          19     3.46667  0.00990741
          19     3.73333  0.00342593
          19           4  0.00925926
          19     4.26667           0
          19     4.53333           0
          19         4.8           0
          19     5.06667           0
          19     5.33333           0
          19         5.6           0
          19     5.86667           0
          19     6.13333           0
          19         6.4           0
          19     6.66667           0
          19     6.93333           0
          19         7.2           0
          19     7.46667           0
          19     7.73333           0

          20           0 0.000555556
          20    0.266667   0.0205556
          20    0.533333   0.0368519
          20         0.8   0.0801852
          20     1.06667   0.0930556
          20     1.33333   0.0897222
          20         1.6    0.127963
          20     1.86667    0.136944
          20     2.13333    0.101759
          20         2.4   0.0967593
          20     2.66667   0.0867593
          20     2.93333   0.0771296
          20         3.2   0.0217593
          20     3.46667   0.0135185
          20     3.73333  0.00722222
          20           4  0.00444444
          20     4.26667  0.00481481
          20     4.53333           0
          20         4.8           0
          20     5.06667           0
          20     5.33333           0
          20         5.6           0
          20     5.86667           0
          20     6.13333           0
          20         6.4           0
          20     6.66667           0
          20     6.93333           0
          20         7.2           0
          20     7.46667           0
          20     7.73333           0

          21           0           0
          21    0.266667  0.00925926
          21    0.533333       0.035
          21         0.8   0.0612963
          21     1.06667    0.109444
          21     1.33333   0.0842593
          21         1.6    0.157222
          21     1.86667    0.121759
          21     2.13333   0.0930556
          21         2.4     0.10537
          21     2.66667    0.118241
          21     2.93333   0.0578704
          21         3.2   0.0194444
          21     3.46667   0.0185185
          21     3.73333           0
          21           4           0
          21     4.26667  0.00925926
          21     4.53333           0
          21         4.8           0
          21     5.06667           0
          21     5.33333           0
          21         5.6           0
          21     5.86667           0
          21     6.13333           0
          21         6.4           0
          21     6.66667           0
          21     6.93333           0
          21         7.2           0
          21     7.46667           0
          21     7.73333           0

          22           0           0
          22    0.266667   0.0184259
          22    0.533333   0.0503704
          22         0.8   0.0556481
          22     1.06667   0.0827778
          22     1.33333    0.104352
          22         1.6    0.137315
          22     1.86667    0.140648
          22     2.13333     0.10963
          22         2.4   0.0578704
          22     2.66667    0.126481
          22     2.93333   0.0609259
          22         3.2   0.0261111
          22     3.46667   0.0190741
          22     3.73333  0.00111111
          22           4           0
          22     4.26667  0.00925926
          22     4.53333           0
          22         4.8           0
          22     5.06667           0
          22     5.33333           0
          22         5.6           0
          22     5.86667           0
          22     6.13333           0
          22         6.4           0
          22     6.66667           0
          22     6.93333           0
          22         7.2           0
          22     7.46667           0
          22     7.73333           0

          23           0           0
          23    0.266667   0.0249074
          23    0.533333   0.0430556
          23         0.8   0.0467593
          23     1.06667   0.0928704
          23     1.33333    0.137685
          23         1.6    0.124167
          23     1.86667    0.117037
          23     2.13333    0.108889
          23         2.4   0.0734259
          23     2.66667   0.0893519
          23     2.93333    0.059537
          23         3.2   0.0463889
          23     3.46667   0.0174074
          23     3.73333   0.0087963
          23           4 0.000462963
          23     4.26667  0.00925926
          23     4.53333           0
          23         4.8           0
          23     5.06667           0
          23     5.33333           0
          23         5.6           0
          23     5.86667           0
          23     6.13333           0
          23         6.4           0
          23     6.66667           0
          23     6.93333           0
          23         7.2           0
          23     7.46667           0
          23     7.73333           0

          24           0   0.0062963
          24    0.266667   0.0202778
          24    0.533333    0.047037
          24         0.8   0.0331481
          24     1.06667    0.117037
          24     1.33333    0.119259
          24         1.6    0.119167
          24     1.86667    0.118704
          24     2.13333    0.126111
          24         2.4   0.0664815
          24     2.66667   0.0702778
          24     2.93333   0.0885185
          24         3.2   0.0311111
          24     3.46667   0.0164815
          24     3.73333  0.00675926
          24           4  0.00407407
          24     4.26667  0.00259259
          24     4.53333  0.00666667
          24         4.8           0
          24     5.06667           0
          24     5.33333           0
          24         5.6           0
          24     5.86667           0
          24     6.13333           0
          24         6.4           0
          24     6.66667           0
          24     6.93333           0
          24         7.2           0
          24     7.46667           0
          24     7.73333           0

          25           0   0.0037037
          25    0.266667   0.0302778
          25    0.533333   0.0287037
          25         0.8   0.0502778
          25     1.06667      0.1175
          25     1.33333    0.131759
          25         1.6    0.127778
          25     1.86667    0.103889
          25     2.13333    0.115648
          25         2.4    0.049537
          25     2.66667    0.079537
          25     2.93333    0.092963
          25         3.2   0.0263889
          25     3.46667   0.0149074
          25     3.73333   0.0142593
          25           4  0.00361111
          25     4.26667  0.00694444
          25     4.53333  0.00231481
          25         4.8           0
          25     5.06667           0
          25     5.33333           0
          25         5.6           0
          25     5.86667           0
          25     6.13333           0
          25         6.4           0
          25     6.66667           0
          25     6.93333           0
          25         7.2           0
          25     7.46667           0
          25     7.73333           0

          26           0   0.0150926
          26    0.266667   0.0363889
          26    0.533333   0.0188889
          26         0.8   0.0263889
          26     1.06667   0.0906481
          26     1.33333    0.162315
          26         1.6      0.1525
          26     1.86667    0.116852
          26     2.13333   0.0991667
          26         2.4   0.0656481
          26     2.66667   0.0522222
          26     2.93333   0.0801852
          26         3.2   0.0419444
          26     3.46667   0.0197222
          26     3.73333        0.01
          26           4  0.00277778
          26     4.26667  0.00925926
          26     4.53333           0
          26         4.8           0
          26     5.06667           0
          26     5.33333           0
          26         5.6           0
          26     5.86667           0
          26     6.13333           0
          26         6.4           0
          26     6.66667           0
          26     6.93333           0
          26         7.2           0
          26     7.46667           0
          26     7.73333           0

          27           0       0.005
          27    0.266667   0.0207407
          27    0.533333   0.0274074
          27         0.8   0.0776852
          27     1.06667   0.0882407
          27     1.33333    0.167037
          27         1.6    0.121481
          27     1.86667    0.119907
          27     2.13333   0.0658333
          27         2.4   0.0702778
          27     2.66667   0.0537963
          27     2.93333   0.0886111
          27         3.2   0.0326852
          27     3.46667   0.0366667
          27     3.73333   0.0103704
          27           4       0.005
          27     4.26667  0.00222222
          27     4.53333  0.00703704
          27         4.8           0
          27     5.06667           0
          27     5.33333           0
          27         5.6           0
          27     5.86667           0
          27     6.13333           0
          27         6.4           0
          27     6.66667           0
          27     6.93333           0
          27         7.2           0
          27     7.46667           0
          27     7.73333           0

          28           0 0.000648148
          28    0.266667   0.0143519
          28    0.533333    0.044537
          28         0.8    0.062963
          28     1.06667    0.111481
          28     1.33333        0.12
          28         1.6    0.179815
          28     1.86667    0.101667
          28     2.13333   0.0782407
          28         2.4    0.049537
          28     2.66667   0.0688889
          28     2.93333   0.0663889
          28         3.2   0.0273148
          28     3.46667   0.0389815
          28     3.73333   0.0167593
          28           4  0.00916667
          28     4.26667           0
          28     4.53333  0.00925926
          28         4.8           0
          28     5.06667           0
          28     5.33333           0
          28         5.6           0
          28     5.86667           0
          28     6.13333           0
          28         6.4           0
          28     6.66667           0
          28     6.93333           0
          28         7.2           0
          28     7.46667           0
          28     7.73333           0

          29           0           0
          29    0.266667      0.0075
          29    0.533333   0.0589815
          29         0.8      0.0775
          29     1.06667   0.0959259
          29     1.33333   0.0917593
          29         1.6    0.128056
          29     1.86667    0.141481
          29     2.13333    0.103519
          29         2.4   0.0680556
          29     2.66667    0.067037
          29     2.93333   0.0730556
          29         3.2   0.0252778
          29     3.46667   0.0362037
          29     3.73333   0.0172222
          29           4 0.000462963
          29     4.26667  0.00037037
          29     4.53333  0.00592593
          29         4.8  0.00166667
          29     5.06667           0
          29     5.33333           0
          29         5.6           0
          29     5.86667           0
          29     6.13333           0
          29         6.4           0
          29     6.66667           0
          29     6.93333           0
          29         7.2           0
          29     7.46667           0
          29     7.73333           0

          30           0  0.00037037
          30    0.266667  0.00546296
          30    0.533333    0.034537
          30         0.8    0.072963
          30     1.06667    0.146389
          30     1.33333   0.0700926
          30         1.6    0.117037
          30     1.86667    0.126852
          30     2.13333    0.120648
          30         2.4   0.0725926
          30     2.66667   0.0694444
          30     2.93333   0.0639815
          30         3.2    0.027963
          30     3.46667   0.0418519
          30     3.73333       0.015
          30           4   0.0119444
          30     4.26667  0.00240741
          30     4.53333 0.000462963
          30         4.8           0
          30     5.06667           0
          30     5.33333           0
          30         5.6           0
          30     5.86667           0
          30     6.13333           0
          30         6.4           0
          30     6.66667           0
          30     6.93333           0
          30         7.2           0
          30     7.46667           0
          30     7.73333           0

          31           0           0
          31    0.266667  0.00537037
          31    0.533333   0.0288889
          31         0.8   0.0697222
          31     1.06667    0.122593
          31     1.33333    0.115185
          31         1.6    0.106111
          31     1.86667    0.105833
          31     2.13333    0.124815
          31         2.4   0.0809259
          31     2.66667   0.0812037
          31     2.93333   0.0655556
          31         3.2   0.0298148
          31     3.46667   0.0382407
          31     3.73333   0.0163889
          31           4  0.00222222
          31     4.26667 0.000833333
          31     4.53333  0.00305556
          31         4.8  0.00324074
          31     5.06667           0
          31     5.33333           0
          31         5.6           0
          31     5.86667           0
          31     6.13333           0
          31         6.4           0
          31     6.66667           0
          31     6.93333           0
          31         7.2           0
          31     7.46667           0
          31     7.73333           0

          32           0  0.00101852
          32    0.266667  0.00462963
          32    0.533333   0.0369444
          32         0.8   0.0717593
          32     1.06667   0.0974074
          32     1.33333    0.125926
          32         1.6    0.113148
          32     1.86667   0.0980556
          32     2.13333    0.121667
          32         2.4   0.0899074
          32     2.66667   0.0765741
          32     2.93333   0.0683333
          32         3.2   0.0413889
          32     3.46667   0.0372222
          32     3.73333  0.00240741
          32           4  0.00935185
          32     4.26667   0.0012963
          32     4.53333   0.0012963
          32         4.8  0.00166667
          32     5.06667           0
          32     5.33333           0
          32         5.6           0
          32     5.86667           0
          32     6.13333           0
          32         6.4           0
          32     6.66667           0
          32     6.93333           0
          32         7.2           0
          32     7.46667           0
          32     7.73333           0

          33           0 0.000833333
          33    0.266667    0.022963
          33    0.533333   0.0225926
          33         0.8   0.0565741
          33     1.06667     0.10213
          33     1.33333   0.0850926
          33         1.6    0.126667
          33     1.86667    0.129074
          33     2.13333     0.14213
          33         2.4   0.0942593
          33     2.66667   0.0711111
          33     2.93333   0.0513889
          33         3.2   0.0458333
          33     3.46667   0.0308333
          33     3.73333  0.00731481
          33           4   0.0112037
          33     4.26667           0
          33     4.53333           0
          33         4.8           0
          33     5.06667           0
          33     5.33333           0
          33         5.6           0
          33     5.86667           0
          33     6.13333           0
          33         6.4           0
          33     6.66667           0
          33     6.93333           0
          33         7.2           0
          33     7.46667           0
          33     7.73333           0

          34           0  0.00805556
          34    0.266667   0.0178704
          34    0.533333   0.0216667
          34         0.8   0.0535185
          34     1.06667   0.0790741
          34     1.33333    0.116389
          34         1.6    0.126481
          34     1.86667    0.142778
          34     2.13333    0.134259
          34         2.4    0.103889
          34     2.66667   0.0634259
          34     2.93333   0.0387963
          34         3.2   0.0263889
          34     3.46667   0.0490741
          34     3.73333   0.0111111
          34           4  0.00194444
          34     4.26667  0.00037037
          34     4.53333 0.000833333
          34         4.8  0.00333333
          34     5.06667 0.000740741
          34     5.33333           0
          34         5.6           0
          34     5.86667           0
          34     6.13333           0
          34         6.4           0
          34     6.66667           0
          34     6.93333           0
          34         7.2           0
          34     7.46667           0
          34     7.73333           0

          35           0  0.00333333
          35    0.266667    0.017037
          35    0.533333   0.0240741
          35         0.8   0.0507407
          35     1.06667    0.103148
          35     1.33333    0.115926
          35         1.6    0.111296
          35     1.86667     0.10287
          35     2.13333    0.154537
          35         2.4   0.0701852
          35     2.66667   0.0966667
          35     2.93333   0.0738889
          35         3.2   0.0377778
          35     3.46667   0.0315741
          35     3.73333  0.00435185
          35           4 0.000833333
          35     4.26667  0.00148148
          35     4.53333 0.000277778
          35         4.8           0
          35     5.06667           0
          35     5.33333           0
          35         5.6           0
          35     5.86667           0
          35     6.13333           0
          35         6.4           0
          35     6.66667           0
          35     6.93333           0
          35         7.2           0
          35     7.46667           0
          35     7.73333           0

          36           0           0
          36    0.266667  0.00703704
          36    0.533333   0.0207407
          36         0.8   0.0315741
          36     1.06667     0.10287
          36     1.33333    0.172315
          36         1.6    0.067963
          36     1.86667     0.12287
          36     2.13333    0.136296
          36         2.4    0.105463
          36     2.66667   0.0837037
          36     2.93333   0.0816667
          36         3.2   0.0284259
          36     3.46667   0.0386111
          36     3.73333 0.000462963
          36           4           0
          36     4.26667           0
          36     4.53333           0
          36         4.8           0
          36     5.06667           0
          36     5.33333           0
          36         5.6           0
          36     5.86667           0
          36     6.13333           0
          36         6.4           0
          36     6.66667           0
          36     6.93333           0
          36         7.2           0
          36     7.46667           0
          36     7.73333           0

          37           0           0
          37    0.266667           0
          37    0.533333    0.010463
          37         0.8   0.0688889
          37     1.06667     0.10963
          37     1.33333    0.128889
          37         1.6   0.0896296
          37     1.86667    0.108241
          37     2.13333     0.13963
          37         2.4   0.0990741
          37     2.66667   0.0983333
          37     2.93333   0.0619444
          37         3.2   0.0417593
          37     3.46667   0.0435185
          37     3.73333           0
          37           4           0
          37     4.26667           0
          37     4.53333           0
          37         4.8           0
          37     5.06667           0
          37     5.33333           0
          37         5.6           0
          37     5.86667           0
          37     6.13333           0
          37         6.4           0
          37     6.66667           0
          37     6.93333           0
          37         7.2           0
          37     7.46667           0
          37     7.73333           0

          38           0           0
          38    0.266667  0.00768519
          38    0.533333   0.0315741
          38         0.8   0.0657407
          38     1.06667   0.0913889
          38     1.33333    0.136759
          38         1.6   0.0825926
          38     1.86667    0.121389
          38     2.13333    0.119444
          38         2.4    0.080463
          38     2.66667        0.09
          38     2.93333   0.0748148
          38         3.2   0.0412037
          38     3.46667   0.0506481
          38     3.73333   0.0062963
          38           4           0
          38     4.26667           0
          38     4.53333           0
          38         4.8           0
          38     5.06667           0
          38     5.33333           0
          38         5.6           0
          38     5.86667           0
          38     6.13333           0
          38         6.4           0
          38     6.66667           0
          38     6.93333           0
          38         7.2           0
          38     7.46667           0
          38     7.73333           0

          39           0           0
          39    0.266667  0.00907407
          39    0.533333   0.0237037
          39         0.8   0.0636111
          39     1.06667    0.108981
          39     1.33333   0.0916667
          39         1.6    0.123333
          39     1.86667    0.115741
          39     2.13333     0.13463
          39         2.4   0.0939815
          39     2.66667   0.0742593
          39     2.93333   0.0627778
          39         3.2   0.0310185
          39     3.46667   0.0502778
          39     3.73333   0.0121296
          39           4  0.00481481
          39     4.26667           0
          39     4.53333           0
          39         4.8           0
          39     5.06667           0
          39     5.33333           0
          39         5.6           0
          39     5.86667           0
          39     6.13333           0
          39         6.4           0
          39     6.66667           0
          39     6.93333           0
          39         7.2           0
          39     7.46667           0
          39     7.73333           0

          40           0 0.000555556
          40    0.266667  0.00777778
          40    0.533333   0.0289815
          40         0.8    0.052963
          40     1.06667    0.107593
          40     1.33333   0.0865741
          40         1.6    0.108889
          40     1.86667    0.151204
          40     2.13333    0.136481
          40         2.4   0.0844444
          40     2.66667   0.0563889
          40     2.93333   0.0668519
          40         3.2   0.0434259
          40     3.46667   0.0488889
          40     3.73333   0.0166667
          40           4  0.00231481
          40     4.26667           0
          40     4.53333           0
          40         4.8           0
          40     5.06667           0
          40     5.33333           0
          40         5.6           0
          40     5.86667           0
          40     6.13333           0
          40         6.4           0
          40     6.66667           0
          40     6.93333           0
          40         7.2           0
          40     7.46667           0
          40     7.73333           0

          41           0           0
          41    0.266667   0.0153704
          41    0.533333        0.04
          41         0.8        0.06
          41     1.06667   0.0706481
          41     1.33333   0.0883333
          41         1.6    0.114907
          41     1.86667    0.137407
          41     2.13333    0.126389
          41         2.4    0.112315
          41     2.66667   0.0635185
          41     2.93333    0.067963
          41         3.2    0.032037
          41     3.46667   0.0298148
          41     3.73333    0.030463
          41           4   0.0108333
          41     4.26667           0
          41     4.53333           0
          41         4.8           0
          41     5.06667           0
          41     5.33333           0
          41         5.6           0
          41     5.86667           0
          41     6.13333           0
          41         6.4           0
          41     6.66667           0
          41     6.93333           0
          41         7.2           0
          41     7.46667           0
          41     7.73333           0

          42           0  0.00305556
          42    0.266667   0.0062037
          42    0.533333   0.0216667
          42         0.8      0.0825
          42     1.06667   0.0696296
          42     1.33333      0.0925
          42         1.6    0.089537
          42     1.86667    0.127315
          42     2.13333    0.138056
          42         2.4    0.102222
          42     2.66667    0.111574
          42     2.93333   0.0462963
          42         3.2   0.0438889
          42     3.46667   0.0213889
          42     3.73333   0.0394444
          42           4  0.00472222
          42     4.26667           0
          42     4.53333           0
          42         4.8           0
          42     5.06667           0
          42     5.33333           0
          42         5.6           0
          42     5.86667           0
          42     6.13333           0
          42         6.4           0
          42     6.66667           0
          42     6.93333           0
          42         7.2           0
          42     7.46667           0
          42     7.73333           0

          43           0           0
          43    0.266667  0.00814815
          43    0.533333   0.0197222
          43         0.8   0.0518519
          43     1.06667   0.0683333
          43     1.33333    0.100648
          43         1.6   0.0859259
          43     1.86667    0.132315
          43     2.13333    0.145463
          43         2.4    0.130741
          43     2.66667   0.0789815
          43     2.93333   0.0613889
          43         3.2   0.0494444
          43     3.46667   0.0383333
          43     3.73333   0.0222222
          43           4  0.00648148
          43     4.26667           0
          43     4.53333           0
          43         4.8           0
          43     5.06667           0
          43     5.33333           0
          43         5.6           0
          43     5.86667           0
          43     6.13333           0
          43         6.4           0
          43     6.66667           0
          43     6.93333           0
          43         7.2           0
          43     7.46667           0
          43     7.73333           0

          44           0           0
          44    0.266667  0.00194444
          44    0.533333      0.0125
          44         0.8   0.0516667
          44     1.06667   0.0548148
          44     1.33333     0.10963
          44         1.6    0.115833
          44     1.86667     0.12713
          44     2.13333    0.131852
          44         2.4    0.125741
          44     2.66667        0.08
          44     2.93333   0.0650926
          44         3.2    0.032963
          44     3.46667   0.0451852
          44     3.73333   0.0271296
          44           4   0.0101852
          44     4.26667  0.00833333
          44     4.53333           0
          44         4.8           0
          44     5.06667           0
          44     5.33333           0
          44         5.6           0
          44     5.86667           0
          44     6.13333           0
          44         6.4           0
          44     6.66667           0
          44     6.93333           0
          44         7.2           0
          44     7.46667           0
          44     7.73333           0

          45           0           0
          45    0.266667  0.00037037
          45    0.533333   0.0171296
          45         0.8   0.0328704
          45     1.06667   0.0672222
          45     1.33333   0.0769444
          45         1.6    0.138889
          45     1.86667    0.153519
          45     2.13333     0.11787
          45         2.4    0.105741
          45     2.66667   0.0837037
          45     2.93333   0.0635185
          45         3.2   0.0484259
          45     3.46667   0.0301852
          45     3.73333   0.0350926
          45           4   0.0237963
          45     4.26667  0.00351852
          45     4.53333   0.0012037
          45         4.8           0
          45     5.06667           0
          45     5.33333           0
          45         5.6           0
          45     5.86667           0
          45     6.13333           0
          45         6.4           0
          45     6.66667           0
          45     6.93333           0
          45         7.2           0
          45     7.46667           0
          45     7.73333           0

          46           0           0
          46    0.266667 0.000925926
          46    0.533333   0.0158333
          46         0.8   0.0184259
          46     1.06667   0.0573148
          46     1.33333    0.114074
          46         1.6   0.0899074
          46     1.86667    0.135093
          46     2.13333    0.165648
          46         2.4   0.0951852
          46     2.66667   0.0751852
          46     2.93333   0.0799074
          46         3.2   0.0481481
          46     3.46667   0.0336111
          46     3.73333   0.0251852
          46           4   0.0362037
          46     4.26667  0.00694444
          46     4.53333  0.00240741
          46         4.8           0
          46     5.06667           0
          46     5.33333           0
          46         5.6           0
          46     5.86667           0
          46     6.13333           0
          46         6.4           0
          46     6.66667           0
          46     6.93333           0
          46         7.2           0
          46     7.46667           0
          46     7.73333           0

          47           0           0
          47    0.266667  0.00268519
          47    0.533333   0.0143519
          47         0.8        0.02
          47     1.06667   0.0581481
          47     1.33333   0.0868519
          47         1.6   0.0856481
          47     1.86667    0.111759
          47     2.13333    0.153889
          47         2.4    0.101574
          47     2.66667   0.0905556
          47     2.93333    0.111111
          47         3.2   0.0697222
          47     3.46667   0.0378704
          47     3.73333   0.0187037
          47           4   0.0185185
          47     4.26667  0.00990741
          47     4.53333  0.00416667
          47         4.8  0.00453704
          47     5.06667           0
          47     5.33333           0
          47         5.6           0
          47     5.86667           0
          47     6.13333           0
          47         6.4           0
          47     6.66667           0
          47     6.93333           0
          47         7.2           0
          47     7.46667           0
          47     7.73333           0

          48           0  0.00444444
          48    0.266667  0.00435185
          48    0.533333   0.0134259
          48         0.8   0.0144444
          48     1.06667   0.0313889
          48     1.33333   0.0667593
          48         1.6   0.0843519
          48     1.86667    0.121574
          48     2.13333     0.13037
          48         2.4    0.153426
          48     2.66667     0.11787
          48     2.93333   0.0953704
          48         3.2   0.0853704
          48     3.46667   0.0546296
          48     3.73333  0.00888889
          48           4  0.00490741
          48     4.26667   0.0037037
          48     4.53333  0.00166667
          48         4.8   0.0012963
          48     5.06667  0.00175926
          48     5.33333           0
          48         5.6           0
          48     5.86667           0
          48     6.13333           0
          48         6.4           0
          48     6.66667           0
          48     6.93333           0
          48         7.2           0
          48     7.46667           0
          48     7.73333           0

          49           0 9.25926e-05
          49    0.266667 0.000648148
          49    0.533333  0.00203704
          49         0.8  0.00509259
          49     1.06667   0.0174074
          49     1.33333   0.0227778
          49         1.6   0.0512037
          49     1.86667    0.119722
          49     2.13333    0.203426
          49         2.4    0.253519
          49     2.66667       0.125
          49     2.93333    0.100833
          49         3.2   0.0759259
          49     3.46667   0.0150926
          49     3.73333  0.00324074
          49           4  0.00166667
          49     4.26667  0.00231481
          49     4.53333           0
          49         4.8           0
          49     5.06667           0
          49     5.33333           0
          49         5.6           0
          49     5.86667           0
          49     6.13333           0
          49         6.4           0
          49     6.66667           0
          49     6.93333           0
          49         7.2           0
          49     7.46667           0
          49     7.73333           0

          50           0 0.000462963
          50    0.266667   0.0012037
          50    0.533333  0.00240741
          50         0.8  0.00509259
          50     1.06667   0.0106481
          50     1.33333   0.0166667
          50         1.6   0.0216667
          50     1.86667   0.0494444
          50     2.13333      0.2775
          50         2.4     0.44287
          50     2.66667    0.146667
          50     2.93333   0.0242593
          50         3.2  0.00111111
          50     3.46667           0
          50     3.73333           0
          50           4           0
          50     4.26667           0
          50     4.53333           0
          50         4.8           0
          50     5.06667           0
          50     5.33333           0
          50         5.6           0
          50     5.86667           0
          50     6.13333           0
          50         6.4           0
          50     6.66667           0
          50     6.93333           0
          50         7.2           0
          50     7.46667           0
          50     7.73333           0

