#    BLOCK:   VELOCITY:    ACTUAL_POFV:
           1           0           0
           1    0.253333  0.00248148
           1    0.506667   0.0202176
           1        0.76   0.0290972
           1     1.01333   0.0465417
           1     1.26667   0.0858611
           1        1.52   0.0828426
           1     1.77333    0.145644
           1     2.02667    0.107694
           1        2.28    0.128204
           1     2.53333   0.0967361
           1     2.78667   0.0741898
           1        3.04   0.0639676
           1     3.29333   0.0450926
           1     3.54667   0.0167315
           1         3.8   0.0226204
           1     4.05333  0.00835185
           1     4.30667  0.00822222
           1        4.56  0.00278704
           1     4.81333  0.00300463
           1     5.06667   0.0024537
           1        5.32 0.000708333
           1     5.57333 9.25926e-06
           1     5.82667 9.25926e-06
           1        6.08  0.00062963
           1     6.33333  0.00372685
           1     6.58667  0.00217593
           1        6.84           0
           1     7.09333           0
           1     7.34667           0

           2           0 0.000537037
           2    0.253333  0.00448148
           2    0.506667   0.0213657
           2        0.76   0.0288565
           2     1.01333   0.0728843
           2     1.26667   0.0917037
           2        1.52   0.0973102
           2     1.77333   0.0974028
           2     2.02667    0.127514
           2        2.28   0.0925602
           2     2.53333   0.0856019
           2     2.78667    0.056375
           2        3.04   0.0506065
           2     3.29333   0.0472315
           2     3.54667   0.0519861
           2         3.8   0.0279028
           2     4.05333   0.0228889
           2     4.30667  0.00751852
           2        4.56    0.005125
           2     4.81333  0.00294907
           2     5.06667    0.005875
           2        5.32 0.000787037
           2     5.57333 0.000435185
           2     5.82667 0.000101852
           2        6.08           0
           2     6.33333           0
           2     6.58667           0
           2        6.84           0
           2     7.09333           0
           2     7.34667           0

           3           0  0.00222685
           3    0.253333    0.010787
           3    0.506667   0.0292917
           3        0.76   0.0465463
           3     1.01333   0.0526343
           3     1.26667   0.0751759
           3        1.52    0.105125
           3     1.77333    0.120352
           3     2.02667    0.102083
           3        2.28   0.0859769
           3     2.53333   0.0947269
           3     2.78667   0.0671435
           3        3.04   0.0651296
           3     3.29333   0.0499028
           3     3.54667   0.0292546
           3         3.8    0.019463
           3     4.05333   0.0122685
           3     4.30667  0.00704167
           3        4.56  0.00618981
           3     4.81333 0.000199074
           3     5.06667 4.16667e-05
           3        5.32  0.00227778
           3     5.57333   0.0080463
           3     5.82667   0.0018287
           3        6.08 0.000671296
           3     6.33333  0.00166204
           3     6.58667  0.00186111
           3        6.84  0.00209259
           3     7.09333           0
           3     7.34667           0

           4           0 0.000518519
           4    0.253333   0.0130417
           4    0.506667   0.0249306
           4        0.76   0.0370417
           4     1.01333   0.0607639
           4     1.26667   0.0951343
           4        1.52    0.106111
           4     1.77333    0.110394
           4     2.02667    0.107824
           4        2.28    0.101556
           4     2.53333   0.0861204
           4     2.78667   0.0653519
           4        3.04   0.0479259
           4     3.29333   0.0394815
           4     3.54667   0.0313889
           4         3.8   0.0125417
           4     4.05333   0.0203102
           4     4.30667   0.0151806
           4        4.56  0.00647685
           4     4.81333  0.00515278
           4     5.06667   0.0032037
           4        5.32 2.31481e-05
           4     5.57333 0.000578704
           4     5.82667  0.00228241
           4        6.08 0.000111111
           4     6.33333 2.77778e-05
           4     6.58667  0.00449537
           4        6.84  0.00192593
           4     7.09333 0.000106481
           4     7.34667           0

           5           0 0.000837963
           5    0.253333  0.00672685
           5    0.506667   0.0351204
           5        0.76   0.0582639
           5     1.01333   0.0485139
           5     1.26667   0.0709306
           5        1.52   0.0841343
           5     1.77333   0.0971759
           5     2.02667    0.111306
           5        2.28    0.113718
           5     2.53333    0.087912
           5     2.78667   0.0862963
           5        3.04   0.0431898
           5     3.29333   0.0418796
           5     3.54667   0.0370093
           5         3.8   0.0264259
           5     4.05333   0.0193194
           5     4.30667   0.0152778
           5        4.56  0.00528704
           5     4.81333  0.00202315
           5     5.06667  0.00769444
           5        5.32 0.000814815
           5     5.57333 0.000143519
           5     5.82667           0
           5        6.08           0
           5     6.33333           0
           5     6.58667           0
           5        6.84           0
           5     7.09333           0
           5     7.34667           0

           6           0 1.38889e-05
           6    0.253333   0.0029213
           6    0.506667    0.033287
           6        0.76   0.0565787
           6     1.01333   0.0700046
           6     1.26667   0.0775602
           6        1.52   0.0903333
           6     1.77333   0.0984028
           6     2.02667   0.0821667
           6        2.28   0.0761852
           6     2.53333   0.0842685
           6     2.78667   0.0916667
           6        3.04   0.0780231
           6     3.29333   0.0519676
           6     3.54667   0.0331667
           6         3.8     0.03475
           6     4.05333   0.0125926
           6     4.30667  0.00935185
           6        4.56  0.00746296
           6     4.81333  0.00740741
           6     5.06667  0.00107407
           6        5.32 0.000814815
           6     5.57333           0
           6     5.82667           0
           6        6.08           0
           6     6.33333           0
           6     6.58667           0
           6        6.84           0
           6     7.09333           0
           6     7.34667           0

           7           0  0.00246296
           7    0.253333  0.00900926
           7    0.506667   0.0207454
           7        0.76    0.061787
           7     1.01333   0.0626991
           7     1.26667   0.0694074
           7        1.52    0.102005
           7     1.77333    0.121218
           7     2.02667   0.0803935
           7        2.28   0.0882824
           7     2.53333    0.104477
           7     2.78667    0.069537
           7        3.04   0.0485926
           7     3.29333   0.0339537
           7     3.54667   0.0301481
           7         3.8   0.0364583
           7     4.05333   0.0297639
           7     4.30667   0.0102454
           7        4.56  0.00873611
           7     4.81333  0.00901852
           7     5.06667  0.00106019
           7        5.32           0
           7     5.57333           0
           7     5.82667           0
           7        6.08           0
           7     6.33333           0
           7     6.58667           0
           7        6.84           0
           7     7.09333           0
           7     7.34667           0

           8           0  0.00145833
           8    0.253333   0.0164722
           8    0.506667   0.0223148
           8        0.76   0.0429259
           8     1.01333   0.0717176
           8     1.26667   0.0980833
           8        1.52    0.095625
           8     1.77333   0.0784907
           8     2.02667   0.0945509
           8        2.28   0.0870278
           8     2.53333    0.105569
           8     2.78667   0.0709861
           8        3.04   0.0557963
           8     3.29333    0.050625
           8     3.54667   0.0332454
           8         3.8   0.0231898
           8     4.05333   0.0121667
           8     4.30667  0.00922222
           8        4.56   0.0109583
           8     4.81333   0.0062963
           8     5.06667  0.00306481
           8        5.32  0.00468519
           8     5.57333  0.00287037
           8     5.82667  0.00250463
           8        6.08 0.000152778
           8     6.33333           0
           8     6.58667           0
           8        6.84           0
           8     7.09333           0
           8     7.34667           0

           9           0       0.002
           9    0.253333    0.018287
           9    0.506667   0.0300509
           9        0.76   0.0585463
           9     1.01333   0.0651574
           9     1.26667    0.091912
           9        1.52   0.0675694
           9     1.77333   0.0699398
           9     2.02667    0.102898
           9        2.28   0.0976713
           9     2.53333   0.0917315
           9     2.78667   0.0738102
           9        3.04    0.075287
           9     3.29333   0.0361343
           9     3.54667   0.0424769
           9         3.8   0.0221481
           9     4.05333   0.0181991
           9     4.30667   0.0128981
           9        4.56  0.00661111
           9     4.81333  0.00439815
           9     5.06667  0.00618519
           9        5.32  0.00486574
           9     5.57333  0.00122222
           9     5.82667           0
           9        6.08           0
           9     6.33333           0
           9     6.58667           0
           9        6.84           0
           9     7.09333           0
           9     7.34667           0

          10           0  0.00132407
          10    0.253333  0.00759259
          10    0.506667   0.0177731
          10        0.76   0.0326065
          10     1.01333   0.0588102
          10     1.26667   0.0920787
          10        1.52   0.0753796
          10     1.77333   0.0842269
          10     2.02667    0.099162
          10        2.28    0.122435
          10     2.53333    0.102463
          10     2.78667   0.0895556
          10        3.04   0.0712685
          10     3.29333   0.0456528
          10     3.54667   0.0367037
          10         3.8   0.0202454
          10     4.05333      0.0225
          10     4.30667  0.00668056
          10        4.56  0.00481019
          10     4.81333  0.00788889
          10     5.06667 0.000712963
          10        5.32  0.00012963
          10     5.57333           0
          10     5.82667           0
          10        6.08           0
          10     6.33333           0
          10     6.58667           0
          10        6.84           0
          10     7.09333           0
          10     7.34667           0

          11           0  0.00150463
          11    0.253333  0.00764815
          11    0.506667   0.0192176
          11        0.76   0.0269444
          11     1.01333    0.047162
          11     1.26667   0.0616667
          11        1.52   0.0874861
          11     1.77333   0.0931667
          11     2.02667    0.116292
          11        2.28    0.132796
          11     2.53333    0.106875
          11     2.78667   0.0818287
          11        3.04   0.0661898
          11     3.29333   0.0509213
          11     3.54667   0.0338796
          11         3.8   0.0300741
          11     4.05333   0.0166111
          11     4.30667   0.0147176
          11        4.56  0.00409259
          11     4.81333 0.000925926
          11     5.06667           0
          11        5.32           0
          11     5.57333           0
          11     5.82667           0
          11        6.08           0
          11     6.33333           0
          11     6.58667           0
          11        6.84           0
          11     7.09333           0
          11     7.34667           0

          12           0  0.00131944
          12    0.253333    0.013838
          12    0.506667   0.0351852
          12        0.76   0.0357917
          12     1.01333   0.0779352
          12     1.26667   0.0890463
          12        1.52   0.0829213
          12     1.77333      0.0675
          12     2.02667    0.103843
          12        2.28    0.105769
          12     2.53333   0.0796806
          12     2.78667    0.065287
          12        3.04   0.0666204
          12     3.29333   0.0578611
          12     3.54667   0.0452222
          12         3.8   0.0200231
          12     4.05333   0.0229861
          12     4.30667   0.0118194
          12        4.56    0.015037
          12     4.81333  0.00178704
          12     5.06667 0.000527778
          12        5.32           0
          12     5.57333           0
          12     5.82667           0
          12        6.08           0
          12     6.33333           0
          12     6.58667           0
          12        6.84           0
          12     7.09333           0
          12     7.34667           0

          13           0 2.31481e-05
          13    0.253333  0.00556481
          13    0.506667    0.019037
          13        0.76   0.0383889
          13     1.01333   0.0791111
          13     1.26667   0.0949028
          13        1.52   0.0962037
          13     1.77333    0.103366
          13     2.02667   0.0955463
          13        2.28    0.069588
          13     2.53333   0.0852917
          13     2.78667    0.074213
          13        3.04    0.080875
          13     3.29333   0.0520278
          13     3.54667    0.040213
          13         3.8   0.0180324
          13     4.05333   0.0127454
          13     4.30667   0.0116713
          13        4.56  0.00603241
          13     4.81333  0.00760185
          13     5.06667  0.00646759
          13        5.32  0.00281481
          13     5.57333 0.000282407
          13     5.82667           0
          13        6.08           0
          13     6.33333           0
          13     6.58667           0
          13        6.84           0
          13     7.09333           0
          13     7.34667           0

          14           0 0.000615741
          14    0.253333  0.00792593
          14    0.506667   0.0217963
          14        0.76   0.0509676
          14     1.01333   0.0649306
          14     1.26667   0.0877963
          14        1.52    0.105657
          14     1.77333    0.102218
          14     2.02667     0.10556
          14        2.28   0.0944722
          14     2.53333   0.0820417
          14     2.78667   0.0676574
          14        3.04    0.066375
          14     3.29333   0.0320046
          14     3.54667   0.0196204
          14         3.8   0.0280463
          14     4.05333   0.0147685
          14     4.30667   0.0180417
          14        4.56   0.0110694
          14     4.81333   0.0100556
          14     5.06667   0.0013287
          14        5.32 0.000833333
          14     5.57333   0.0046713
          14     5.82667   0.0015463
          14        6.08           0
          14     6.33333           0
          14     6.58667           0
          14        6.84           0
          14     7.09333           0
          14     7.34667           0

          15           0 0.000912037
          15    0.253333   0.0123657
          15    0.506667   0.0199676
          15        0.76   0.0573148
          15     1.01333   0.0564306
          15     1.26667   0.0824861
          15        1.52   0.0924028
          15     1.77333    0.119514
          15     2.02667    0.100481
          15        2.28   0.0959954
          15     2.53333   0.0878333
          15     2.78667   0.0761019
          15        3.04   0.0696852
          15     3.29333   0.0301528
          15     3.54667   0.0245278
          15         3.8   0.0143287
          15     4.05333   0.0135509
          15     4.30667    0.013537
          15        4.56  0.00950463
          15     4.81333  0.00536111
          15     5.06667  0.00555556
          15        5.32  0.00202778
          15     5.57333  0.00238889
          15     5.82667 0.000962963
          15        6.08 1.38889e-05
          15     6.33333  0.00105093
          15     6.58667   0.0055463
          15        6.84           0
          15     7.09333           0
          15     7.34667           0

          16           0   0.0010787
          16    0.253333   0.0116574
          16    0.506667   0.0326759
          16        0.76    0.054037
          16     1.01333   0.0706296
          16     1.26667   0.0726389
          16        1.52   0.0889583
          16     1.77333    0.113037
          16     2.02667    0.109069
          16        2.28    0.090338
          16     2.53333   0.0882176
          16     2.78667   0.0673472
          16        3.04   0.0472315
          16     3.29333   0.0379676
          16     3.54667   0.0364213
          16         3.8   0.0310509
          16     4.05333   0.0100509
          16     4.30667  0.00475926
          16        4.56  0.00896759
          16     4.81333  0.00819907
          16     5.06667  0.00218519
          16        5.32  0.00199537
          16     5.57333 0.000949074
          16     5.82667  0.00533796
          16        6.08  0.00431481
          16     6.33333 0.000708333
          16     6.58667 0.000175926
          16        6.84           0
          16     7.09333           0
          16     7.34667           0

          17           0 0.000305556
          17    0.253333  0.00187037
          17    0.506667   0.0181898
          17        0.76   0.0373565
          17     1.01333   0.0618102
          17     1.26667   0.0989491
          17        1.52   0.0862639
          17     1.77333    0.106093
          17     2.02667    0.131412
          17        2.28    0.106384
          17     2.53333   0.0854259
          17     2.78667   0.0713889
          17        3.04   0.0526898
          17     3.29333     0.04025
          17     3.54667    0.027963
          17         3.8   0.0181111
          17     4.05333   0.0139676
          17     4.30667  0.00906019
          17        4.56  0.00709259
          17     4.81333   0.0113148
          17     5.06667  0.00753241
          17        5.32  0.00453241
          17     5.57333 0.000398148
          17     5.82667 0.000111111
          17        6.08  3.7037e-05
          17     6.33333  0.00149074
          17     6.58667           0
          17        6.84           0
          17     7.09333           0
          17     7.34667           0

          18           0  0.00434722
          18    0.253333   0.0105833
          18    0.506667   0.0311898
          18        0.76   0.0418472
          18     1.01333   0.0738657
          18     1.26667   0.0707731
          18        1.52   0.0720972
          18     1.77333    0.105699
          18     2.02667   0.0921019
          18        2.28    0.123727
          18     2.53333    0.102093
          18     2.78667   0.0671435
          18        3.04   0.0459907
          18     3.29333   0.0462407
          18     3.54667    0.039713
          18         3.8    0.028787
          18     4.05333   0.0170648
          18     4.30667  0.00957407
          18        4.56  0.00286574
          18     4.81333  0.00193519
          18     5.06667     0.00375
          18        5.32  0.00519444
          18     5.57333  0.00330556
          18     5.82667 0.000111111
          18        6.08           0
          18     6.33333           0
          18     6.58667           0
          18        6.84           0
          18     7.09333           0
          18     7.34667           0

          19           0  0.00237963
          19    0.253333  0.00754167
          19    0.506667   0.0232083
          19        0.76   0.0472037
          19     1.01333   0.0527269
          19     1.26667   0.0647222
          19        1.52    0.103273
          19     1.77333    0.104718
          19     2.02667    0.110097
          19        2.28    0.115426
          19     2.53333   0.0856852
          19     2.78667   0.0567731
          19        3.04   0.0686204
          19     3.29333    0.050713
          19     3.54667   0.0463009
          19         3.8   0.0207778
          19     4.05333   0.0149954
          19     4.30667  0.00816204
          19        4.56 0.000814815
          19     4.81333  0.00927778
          19     5.06667  0.00522222
          19        5.32  0.00062963
          19     5.57333 0.000731481
          19     5.82667           0
          19        6.08           0
          19     6.33333           0
          19     6.58667           0
          19        6.84           0
          19     7.09333           0
          19     7.34667           0

          20           0  0.00149537
          20    0.253333   0.0127269
          20    0.506667   0.0243981
          20        0.76   0.0288981
          20     1.01333   0.0468009
          20     1.26667   0.0867824
          20        1.52   0.0932454
          20     1.77333   0.0973287
          20     2.02667      0.1195
          20        2.28    0.103167
          20     2.53333   0.0969583
          20     2.78667   0.0757824
          20        3.04   0.0689537
          20     3.29333   0.0472037
          20     3.54667   0.0337963
          20         3.8   0.0199537
          20     4.05333   0.0134306
          20     4.30667   0.0146944
          20        4.56  0.00957407
          20     4.81333  0.00476852
          20     5.06667 0.000541667
          20        5.32           0
          20     5.57333           0
          20     5.82667           0
          20        6.08           0
          20     6.33333           0
          20     6.58667           0
          20        6.84           0
          20     7.09333           0
          20     7.34667           0

