#    BLOCK:   VELOCITY:    ACTUAL_POFV:
           1           0           0
           1    0.266667   0.0143519
           1    0.533333    0.075463
           1         0.8   0.0638889
           1     1.06667   0.0897222
           1     1.33333      0.0575
           1         1.6    0.157222
           1     1.86667    0.152315
           1     2.13333    0.153796
           1         2.4   0.0535185
           1     2.66667      0.0925
           1     2.93333   0.0571296
           1         3.2   0.0325926
           1     3.46667           0
           1     3.73333           0
           1           4           0
           1     4.26667           0
           1     4.53333           0
           1         4.8           0
           1     5.06667           0
           1     5.33333           0
           1         5.6           0
           1     5.86667           0
           1     6.13333           0
           1         6.4           0
           1     6.66667           0
           1     6.93333           0
           1         7.2           0
           1     7.46667           0
           1     7.73333           0

           2           0           0
           2    0.266667  0.00953704
           2    0.533333   0.0746296
           2         0.8   0.0709259
           2     1.06667   0.0950926
           2     1.33333   0.0847222
           2         1.6    0.140093
           2     1.86667    0.118704
           2     2.13333    0.138796
           2         2.4    0.111759
           2     2.66667   0.0802778
           2     2.93333   0.0552778
           2         3.2   0.0201852
           2     3.46667           0
           2     3.73333           0
           2           4           0
           2     4.26667           0
           2     4.53333           0
           2         4.8           0
           2     5.06667           0
           2     5.33333           0
           2         5.6           0
           2     5.86667           0
           2     6.13333           0
           2         6.4           0
           2     6.66667           0
           2     6.93333           0
           2         7.2           0
           2     7.46667           0
           2     7.73333           0

           3           0           0
           3    0.266667    0.024537
           3    0.533333   0.0712963
           3         0.8   0.0686111
           3     1.06667    0.114259
           3     1.33333   0.0691667
           3         1.6    0.125185
           3     1.86667    0.135833
           3     2.13333    0.117222
           3         2.4    0.082963
           3     2.66667    0.110556
           3     2.93333   0.0571296
           3         3.2   0.0232407
           3     3.46667           0
           3     3.73333           0
           3           4           0
           3     4.26667           0
           3     4.53333           0
           3         4.8           0
           3     5.06667           0
           3     5.33333           0
           3         5.6           0
           3     5.86667           0
           3     6.13333           0
           3         6.4           0
           3     6.66667           0
           3     6.93333           0
           3         7.2           0
           3     7.46667           0
           3     7.73333           0

           4           0           0
           4    0.266667   0.0102778
           4    0.533333   0.0626852
           4         0.8    0.111111
           4     1.06667    0.125741
           4     1.33333   0.0734259
           4         1.6   0.0916667
           4     1.86667    0.145926
           4     2.13333    0.130278
           4         2.4   0.0660185
           4     2.66667   0.0712037
           4     2.93333   0.0662963
           4         3.2   0.0360185
           4     3.46667  0.00935185
           4     3.73333           0
           4           4           0
           4     4.26667           0
           4     4.53333           0
           4         4.8           0
           4     5.06667           0
           4     5.33333           0
           4         5.6           0
           4     5.86667           0
           4     6.13333           0
           4         6.4           0
           4     6.66667           0
           4     6.93333           0
           4         7.2           0
           4     7.46667           0
           4     7.73333           0

           5           0           0
           5    0.266667  0.00925926
           5    0.533333   0.0409259
           5         0.8    0.136944
           5     1.06667    0.106667
           5     1.33333   0.0849074
           5         1.6    0.120741
           5     1.86667    0.112963
           5     2.13333    0.136481
           5         2.4   0.0905556
           5     2.66667   0.0506481
           5     2.93333   0.0624074
           5         3.2   0.0271296
           5     3.46667   0.0203704
           5     3.73333           0
           5           4           0
           5     4.26667           0
           5     4.53333           0
           5         4.8           0
           5     5.06667           0
           5     5.33333           0
           5         5.6           0
           5     5.86667           0
           5     6.13333           0
           5         6.4           0
           5     6.66667           0
           5     6.93333           0
           5         7.2           0
           5     7.46667           0
           5     7.73333           0

           6           0           0
           6    0.266667  0.00925926
           6    0.533333   0.0484259
           6         0.8    0.100833
           6     1.06667    0.140556
           6     1.33333   0.0957407
           6         1.6   0.0701852
           6     1.86667    0.118704
           6     2.13333    0.128056
           6         2.4       0.135
           6     2.66667   0.0600926
           6     2.93333   0.0480556
           6         3.2   0.0340741
           6     3.46667   0.0110185
           6     3.73333           0
           6           4           0
           6     4.26667           0
           6     4.53333           0
           6         4.8           0
           6     5.06667           0
           6     5.33333           0
           6         5.6           0
           6     5.86667           0
           6     6.13333           0
           6         6.4           0
           6     6.66667           0
           6     6.93333           0
           6         7.2           0
           6     7.46667           0
           6     7.73333           0

           7           0           0
           7    0.266667  0.00981481
           7    0.533333   0.0431481
           7         0.8    0.121481
           7     1.06667    0.110926
           7     1.33333    0.116759
           7         1.6   0.0576852
           7     1.86667   0.0764815
           7     2.13333    0.148611
           7         2.4    0.148241
           7     2.66667   0.0784259
           7     2.93333   0.0502778
           7         3.2   0.0249074
           7     3.46667   0.0106481
           7     3.73333  0.00259259
           7           4           0
           7     4.26667           0
           7     4.53333           0
           7         4.8           0
           7     5.06667           0
           7     5.33333           0
           7         5.6           0
           7     5.86667           0
           7     6.13333           0
           7         6.4           0
           7     6.66667           0
           7     6.93333           0
           7         7.2           0
           7     7.46667           0
           7     7.73333           0

           8           0 0.000648148
           8    0.266667  0.00240741
           8    0.533333   0.0509259
           8         0.8   0.0790741
           8     1.06667      0.1525
           8     1.33333   0.0938889
           8         1.6   0.0935185
           8     1.86667   0.0877778
           8     2.13333        0.11
           8         2.4    0.129537
           8     2.66667    0.105833
           8     2.93333   0.0476852
           8         3.2   0.0322222
           8     3.46667  0.00842593
           8     3.73333  0.00555556
           8           4           0
           8     4.26667           0
           8     4.53333           0
           8         4.8           0
           8     5.06667           0
           8     5.33333           0
           8         5.6           0
           8     5.86667           0
           8     6.13333           0
           8         6.4           0
           8     6.66667           0
           8     6.93333           0
           8         7.2           0
           8     7.46667           0
           8     7.73333           0

           9           0           0
           9    0.266667 0.000740741
           9    0.533333   0.0561111
           9         0.8   0.0887037
           9     1.06667    0.129907
           9     1.33333    0.082963
           9         1.6    0.115926
           9     1.86667    0.103611
           9     2.13333    0.114907
           9         2.4    0.137037
           9     2.66667   0.0769444
           9     2.93333   0.0385185
           9         3.2   0.0356481
           9     3.46667   0.0189815
           9     3.73333           0
           9           4           0
           9     4.26667           0
           9     4.53333           0
           9         4.8           0
           9     5.06667           0
           9     5.33333           0
           9         5.6           0
           9     5.86667           0
           9     6.13333           0
           9         6.4           0
           9     6.66667           0
           9     6.93333           0
           9         7.2           0
           9     7.46667           0
           9     7.73333           0

          10           0           0
          10    0.266667  0.00611111
          10    0.533333   0.0549074
          10         0.8   0.0922222
          10     1.06667    0.103796
          10     1.33333   0.0913889
          10         1.6     0.11463
          10     1.86667    0.143148
          10     2.13333    0.092963
          10         2.4     0.11463
          10     2.66667    0.105278
          10     2.93333   0.0387037
          10         3.2   0.0284259
          10     3.46667   0.0107407
          10     3.73333 0.000462963
          10           4 0.000648148
          10     4.26667  0.00194444
          10     4.53333           0
          10         4.8           0
          10     5.06667           0
          10     5.33333           0
          10         5.6           0
          10     5.86667           0
          10     6.13333           0
          10         6.4           0
          10     6.66667           0
          10     6.93333           0
          10         7.2           0
          10     7.46667           0
          10     7.73333           0

          11           0           0
          11    0.266667   0.0200926
          11    0.533333   0.0585185
          11         0.8   0.0868519
          11     1.06667   0.0862963
          11     1.33333    0.102037
          11         1.6    0.131019
          11     1.86667    0.109815
          11     2.13333    0.125278
          11         2.4   0.0784259
          11     2.66667    0.128889
          11     2.93333   0.0231481
          11         3.2   0.0274074
          11     3.46667  0.00777778
          11     3.73333  0.00333333
          11           4  0.00666667
          11     4.26667  0.00444444
          11     4.53333           0
          11         4.8           0
          11     5.06667           0
          11     5.33333           0
          11         5.6           0
          11     5.86667           0
          11     6.13333           0
          11         6.4           0
          11     6.66667           0
          11     6.93333           0
          11         7.2           0
          11     7.46667           0
          11     7.73333           0

          12           0   0.0112037
          12    0.266667   0.0368519
          12    0.533333      0.0275
          12         0.8   0.0767593
          12     1.06667    0.107685
          12     1.33333      0.1225
          12         1.6        0.14
          12     1.86667    0.128519
          12     2.13333   0.0680556
          12         2.4   0.0936111
          12     2.66667   0.0805556
          12     2.93333   0.0461111
          12         3.2    0.032037
          12     3.46667   0.0112963
          12     3.73333  0.00231481
          12           4   0.0108333
          12     4.26667  0.00416667
          12     4.53333           0
          12         4.8           0
          12     5.06667           0
          12     5.33333           0
          12         5.6           0
          12     5.86667           0
          12     6.13333           0
          12         6.4           0
          12     6.66667           0
          12     6.93333           0
          12         7.2           0
          12     7.46667           0
          12     7.73333           0

          13           0  0.00175926
          13    0.266667   0.0314815
          13    0.533333   0.0430556
          13         0.8     0.10037
          13     1.06667    0.080463
          13     1.33333   0.0811111
          13         1.6    0.174907
          13     1.86667    0.130556
          13     2.13333   0.0849074
          13         2.4    0.097963
          13     2.66667   0.0785185
          13     2.93333   0.0399074
          13         3.2   0.0207407
          13     3.46667   0.0189815
          13     3.73333   0.0062963
          13           4  0.00898148
          13     4.26667           0
          13     4.53333           0
          13         4.8           0
          13     5.06667           0
          13     5.33333           0
          13         5.6           0
          13     5.86667           0
          13     6.13333           0
          13         6.4           0
          13     6.66667           0
          13     6.93333           0
          13         7.2           0
          13     7.46667           0
          13     7.73333           0

          14           0 9.25926e-05
          14    0.266667   0.0158333
          14    0.533333   0.0507407
          14         0.8    0.121759
          14     1.06667    0.105463
          14     1.33333    0.105278
          14         1.6    0.106296
          14     1.86667   0.0985185
          14     2.13333    0.124907
          14         2.4   0.0988889
          14     2.66667       0.085
          14     2.93333   0.0319444
          14         3.2   0.0323148
          14     3.46667  0.00583333
          14     3.73333  0.00814815
          14           4 0.000555556
          14     4.26667  0.00037037
          14     4.53333 0.000462963
          14         4.8  0.00759259
          14     5.06667           0
          14     5.33333           0
          14         5.6           0
          14     5.86667           0
          14     6.13333           0
          14         6.4           0
          14     6.66667           0
          14     6.93333           0
          14         7.2           0
          14     7.46667           0
          14     7.73333           0

          15           0 0.000833333
          15    0.266667   0.0203704
          15    0.533333    0.062037
          15         0.8    0.108056
          15     1.06667    0.125463
          15     1.33333        0.08
          15         1.6    0.127037
          15     1.86667   0.0815741
          15     2.13333    0.121667
          15         2.4   0.0964815
          15     2.66667   0.0962037
          15     2.93333   0.0290741
          15         3.2   0.0301852
          15     3.46667  0.00527778
          15     3.73333  0.00648148
          15           4           0
          15     4.26667           0
          15     4.53333           0
          15         4.8  0.00925926
          15     5.06667           0
          15     5.33333           0
          15         5.6           0
          15     5.86667           0
          15     6.13333           0
          15         6.4           0
          15     6.66667           0
          15     6.93333           0
          15         7.2           0
          15     7.46667           0
          15     7.73333           0

          16           0   0.0122222
          16    0.266667  0.00907407
          16    0.533333   0.0463889
          16         0.8    0.125278
          16     1.06667    0.074537
          16     1.33333   0.0966667
          16         1.6    0.182778
          16     1.86667    0.113056
          16     2.13333   0.0901852
          16         2.4   0.0817593
          16     2.66667   0.0805556
          16     2.93333    0.037963
          16         3.2   0.0150926
          16     3.46667   0.0214815
          16     3.73333   0.0037037
          16           4           0
          16     4.26667           0
          16     4.53333           0
          16         4.8  0.00925926
          16     5.06667           0
          16     5.33333           0
          16         5.6           0
          16     5.86667           0
          16     6.13333           0
          16         6.4           0
          16     6.66667           0
          16     6.93333           0
          16         7.2           0
          16     7.46667           0
          16     7.73333           0

          17           0  0.00925926
          17    0.266667           0
          17    0.533333   0.0416667
          17         0.8    0.125093
          17     1.06667   0.0962037
          17     1.33333    0.118981
          17         1.6    0.158981
          17     1.86667   0.0990741
          17     2.13333   0.0968519
          17         2.4    0.111759
          17     2.66667   0.0572222
          17     2.93333   0.0257407
          17         3.2   0.0177778
          17     3.46667   0.0266667
          17     3.73333  0.00546296
          17           4           0
          17     4.26667           0
          17     4.53333           0
          17         4.8  0.00925926
          17     5.06667           0
          17     5.33333           0
          17         5.6           0
          17     5.86667           0
          17     6.13333           0
          17         6.4           0
          17     6.66667           0
          17     6.93333           0
          17         7.2           0
          17     7.46667           0
          17     7.73333           0

          18           0  0.00231481
          18    0.266667  0.00694444
          18    0.533333   0.0335185
          18         0.8      0.1375
          18     1.06667    0.106852
          18     1.33333   0.0876852
          18         1.6    0.157685
          18     1.86667    0.114815
          18     2.13333    0.113611
          18         2.4   0.0861111
          18     2.66667   0.0596296
          18     2.93333    0.027037
          18         3.2   0.0322222
          18     3.46667      0.0125
          18     3.73333  0.00333333
          18           4  0.00898148
          18     4.26667           0
          18     4.53333  0.00833333
          18         4.8 0.000925926
          18     5.06667           0
          18     5.33333           0
          18         5.6           0
          18     5.86667           0
          18     6.13333           0
          18         6.4           0
          18     6.66667           0
          18     6.93333           0
          18         7.2           0
          18     7.46667           0
          18     7.73333           0

          19           0 0.000740741
          19    0.266667   0.0101852
          19    0.533333    0.030463
          19         0.8    0.118981
          19     1.06667    0.108796
          19     1.33333    0.119537
          19         1.6    0.170278
          19     1.86667   0.0903704
          19     2.13333    0.111481
          19         2.4   0.0735185
          19     2.66667   0.0625926
          19     2.93333   0.0273148
          19         3.2   0.0307407
          19     3.46667   0.0264815
          19     3.73333  0.00231481
          19           4  0.00694444
          19     4.26667           0
          19     4.53333  0.00157407
          19         4.8  0.00768519
          19     5.06667           0
          19     5.33333           0
          19         5.6           0
          19     5.86667           0
          19     6.13333           0
          19         6.4           0
          19     6.66667           0
          19     6.93333           0
          19         7.2           0
          19     7.46667           0
          19     7.73333           0

          20           0           0
          20    0.266667  0.00953704
          20    0.533333   0.0442593
          20         0.8    0.102685
          20     1.06667    0.118704
          20     1.33333   0.0918519
          20         1.6    0.148426
          20     1.86667    0.117685
          20     2.13333    0.126389
          20         2.4   0.0784259
          20     2.66667   0.0510185
          20     2.93333   0.0276852
          20         3.2   0.0462963
          20     3.46667   0.0124074
          20     3.73333  0.00518519
          20           4   0.0101852
          20     4.26667           0
          20     4.53333           0
          20         4.8  0.00925926
          20     5.06667           0
          20     5.33333           0
          20         5.6           0
          20     5.86667           0
          20     6.13333           0
          20         6.4           0
          20     6.66667           0
          20     6.93333           0
          20         7.2           0
          20     7.46667           0
          20     7.73333           0

          21           0  0.00037037
          21    0.266667   0.0250926
          21    0.533333   0.0444444
          21         0.8   0.0975926
          21     1.06667    0.115185
          21     1.33333     0.10037
          21         1.6    0.114167
          21     1.86667    0.118241
          21     2.13333    0.124815
          21         2.4   0.0810185
          21     2.66667   0.0485185
          21     2.93333   0.0403704
          21         3.2   0.0536111
          21     3.46667   0.0105556
          21     3.73333  0.00111111
          21           4   0.0177778
          21     4.26667  0.00324074
          21     4.53333 0.000740741
          21         4.8  0.00277778
          21     5.06667           0
          21     5.33333           0
          21         5.6           0
          21     5.86667           0
          21     6.13333           0
          21         6.4           0
          21     6.66667           0
          21     6.93333           0
          21         7.2           0
          21     7.46667           0
          21     7.73333           0

          22           0           0
          22    0.266667   0.0316667
          22    0.533333        0.04
          22         0.8    0.105926
          22     1.06667   0.0892593
          22     1.33333    0.128704
          22         1.6    0.144537
          22     1.86667   0.0774074
          22     2.13333    0.116111
          22         2.4   0.0837963
          22     2.66667   0.0513889
          22     2.93333   0.0372222
          22         3.2   0.0397222
          22     3.46667   0.0156481
          22     3.73333   0.0174074
          22           4   0.0212037
          22     4.26667           0
          22     4.53333           0
          22         4.8           0
          22     5.06667           0
          22     5.33333           0
          22         5.6           0
          22     5.86667           0
          22     6.13333           0
          22         6.4           0
          22     6.66667           0
          22     6.93333           0
          22         7.2           0
          22     7.46667           0
          22     7.73333           0

          23           0           0
          23    0.266667   0.0146296
          23    0.533333   0.0622222
          23         0.8    0.109352
          23     1.06667   0.0792593
          23     1.33333    0.107222
          23         1.6     0.14287
          23     1.86667    0.109444
          23     2.13333    0.104444
          23         2.4   0.0672222
          23     2.66667   0.0810185
          23     2.93333   0.0559259
          23         3.2   0.0230556
          23     3.46667   0.0105556
          23     3.73333   0.0115741
          23           4   0.0188889
          23     4.26667  0.00111111
          23     4.53333   0.0012037
          23         4.8           0
          23     5.06667           0
          23     5.33333           0
          23         5.6           0
          23     5.86667           0
          23     6.13333           0
          23         6.4           0
          23     6.66667           0
          23     6.93333           0
          23         7.2           0
          23     7.46667           0
          23     7.73333           0

          24           0 0.000648148
          24    0.266667   0.0315741
          24    0.533333      0.0725
          24         0.8   0.0890741
          24     1.06667    0.072963
          24     1.33333   0.0958333
          24         1.6    0.117407
          24     1.86667    0.130556
          24     2.13333    0.148796
          24         2.4      0.0675
          24     2.66667       0.045
          24     2.93333   0.0616667
          24         3.2   0.0381481
          24     3.46667 0.000555556
          24     3.73333           0
          24           4  0.00925926
          24     4.26667  0.00925926
          24     4.53333  0.00925926
          24         4.8           0
          24     5.06667           0
          24     5.33333           0
          24         5.6           0
          24     5.86667           0
          24     6.13333           0
          24         6.4           0
          24     6.66667           0
          24     6.93333           0
          24         7.2           0
          24     7.46667           0
          24     7.73333           0

          25           0           0
          25    0.266667      0.0375
          25    0.533333   0.0407407
          25         0.8   0.0961111
          25     1.06667   0.0744444
          25     1.33333   0.0889815
          25         1.6    0.144074
          25     1.86667    0.118796
          25     2.13333    0.151667
          25         2.4    0.097037
          25     2.66667   0.0562963
          25     2.93333   0.0350926
          25         3.2   0.0314815
          25     3.46667           0
          25     3.73333           0
          25           4  0.00925926
          25     4.26667  0.00925926
          25     4.53333  0.00925926
          25         4.8           0
          25     5.06667           0
          25     5.33333           0
          25         5.6           0
          25     5.86667           0
          25     6.13333           0
          25         6.4           0
          25     6.66667           0
          25     6.93333           0
          25         7.2           0
          25     7.46667           0
          25     7.73333           0

          26           0           0
          26    0.266667   0.0373148
          26    0.533333   0.0324074
          26         0.8   0.0937963
          26     1.06667   0.0907407
          26     1.33333    0.128981
          26         1.6    0.124722
          26     1.86667    0.124352
          26     2.13333    0.102222
          26         2.4   0.0961111
          26     2.66667    0.074537
          26     2.93333   0.0403704
          26         3.2   0.0141667
          26     3.46667   0.0118519
          26     3.73333 0.000648148
          26           4  0.00925926
          26     4.26667  0.00611111
          26     4.53333   0.0124074
          26         4.8           0
          26     5.06667           0
          26     5.33333           0
          26         5.6           0
          26     5.86667           0
          26     6.13333           0
          26         6.4           0
          26     6.66667           0
          26     6.93333           0
          26         7.2           0
          26     7.46667           0
          26     7.73333           0

          27           0   0.0012963
          27    0.266667   0.0499074
          27    0.533333        0.04
          27         0.8   0.0707407
          27     1.06667   0.0874074
          27     1.33333    0.139444
          27         1.6   0.0987037
          27     1.86667    0.131389
          27     2.13333   0.0983333
          27         2.4      0.1175
          27     2.66667   0.0614815
          27     2.93333   0.0551852
          27         3.2  0.00861111
          27     3.46667  0.00907407
          27     3.73333  0.00314815
          27           4  0.00925926
          27     4.26667  0.00657407
          27     4.53333   0.0119444
          27         4.8           0
          27     5.06667           0
          27     5.33333           0
          27         5.6           0
          27     5.86667           0
          27     6.13333           0
          27         6.4           0
          27     6.66667           0
          27     6.93333           0
          27         7.2           0
          27     7.46667           0
          27     7.73333           0

          28           0  0.00407407
          28    0.266667    0.037963
          28    0.533333   0.0413889
          28         0.8   0.0757407
          28     1.06667    0.113519
          28     1.33333    0.109815
          28         1.6    0.104352
          28     1.86667    0.133148
          28     2.13333    0.106111
          28         2.4   0.0906481
          28     2.66667   0.0667593
          28     2.93333   0.0562963
          28         3.2  0.00833333
          28     3.46667   0.0187037
          28     3.73333  0.00203704
          28           4   0.0125926
          28     4.26667   0.0185185
          28     4.53333           0
          28         4.8           0
          28     5.06667           0
          28     5.33333           0
          28         5.6           0
          28     5.86667           0
          28     6.13333           0
          28         6.4           0
          28     6.66667           0
          28     6.93333           0
          28         7.2           0
          28     7.46667           0
          28     7.73333           0

          29           0  0.00240741
          29    0.266667   0.0342593
          29    0.533333   0.0462037
          29         0.8   0.0803704
          29     1.06667    0.110926
          29     1.33333     0.12213
          29         1.6    0.102222
          29     1.86667   0.0777778
          29     2.13333     0.12963
          29         2.4    0.108148
          29     2.66667   0.0567593
          29     2.93333   0.0444444
          29         3.2    0.042963
          29     3.46667   0.0139815
          29     3.73333           0
          29           4  0.00925926
          29     4.26667   0.0185185
          29     4.53333           0
          29         4.8           0
          29     5.06667           0
          29     5.33333           0
          29         5.6           0
          29     5.86667           0
          29     6.13333           0
          29         6.4           0
          29     6.66667           0
          29     6.93333           0
          29         7.2           0
          29     7.46667           0
          29     7.73333           0

          30           0 0.000185185
          30    0.266667   0.0213889
          30    0.533333   0.0491667
          30         0.8   0.0643519
          30     1.06667    0.106019
          30     1.33333    0.118519
          30         1.6    0.131481
          30     1.86667    0.125926
          30     2.13333    0.129537
          30         2.4   0.0812037
          30     2.66667   0.0605556
          30     2.93333   0.0362963
          30         3.2   0.0283333
          30     3.46667  0.00546296
          30     3.73333  0.00981481
          30           4  0.00962963
          30     4.26667   0.0192593
          30     4.53333  0.00287037
          30         4.8           0
          30     5.06667           0
          30     5.33333           0
          30         5.6           0
          30     5.86667           0
          30     6.13333           0
          30         6.4           0
          30     6.66667           0
          30     6.93333           0
          30         7.2           0
          30     7.46667           0
          30     7.73333           0

          31           0 0.000185185
          31    0.266667        0.03
          31    0.533333   0.0411111
          31         0.8   0.0608333
          31     1.06667   0.0755556
          31     1.33333      0.1325
          31         1.6    0.150926
          31     1.86667    0.167222
          31     2.13333    0.110833
          31         2.4   0.0821296
          31     2.66667   0.0477778
          31     2.93333   0.0421296
          31         3.2  0.00305556
          31     3.46667   0.0189815
          31     3.73333  0.00333333
          31           4   0.0101852
          31     4.26667    0.019537
          31     4.53333   0.0037037
          31         4.8           0
          31     5.06667           0
          31     5.33333           0
          31         5.6           0
          31     5.86667           0
          31     6.13333           0
          31         6.4           0
          31     6.66667           0
          31     6.93333           0
          31         7.2           0
          31     7.46667           0
          31     7.73333           0

          32           0  0.00583333
          32    0.266667   0.0244444
          32    0.533333   0.0239815
          32         0.8   0.0673148
          32     1.06667   0.0842593
          32     1.33333    0.119352
          32         1.6    0.149259
          32     1.86667    0.173148
          32     2.13333    0.113519
          32         2.4      0.1025
          32     2.66667   0.0342593
          32     2.93333   0.0441667
          32         3.2  0.00240741
          32     3.46667   0.0196296
          32     3.73333  0.00805556
          32           4  0.00935185
          32     4.26667   0.0185185
          32     4.53333           0
          32         4.8           0
          32     5.06667           0
          32     5.33333           0
          32         5.6           0
          32     5.86667           0
          32     6.13333           0
          32         6.4           0
          32     6.66667           0
          32     6.93333           0
          32         7.2           0
          32     7.46667           0
          32     7.73333           0

          33           0           0
          33    0.266667   0.0200926
          33    0.533333   0.0386111
          33         0.8   0.0690741
          33     1.06667   0.0663889
          33     1.33333     0.10463
          33         1.6    0.162778
          33     1.86667    0.168704
          33     2.13333    0.133796
          33         2.4   0.0850926
          33     2.66667   0.0432407
          33     2.93333   0.0442593
          33         3.2   0.0136111
          33     3.46667   0.0183333
          33     3.73333  0.00296296
          33           4  0.00768519
          33     4.26667   0.0207407
          33     4.53333           0
          33         4.8           0
          33     5.06667           0
          33     5.33333           0
          33         5.6           0
          33     5.86667           0
          33     6.13333           0
          33         6.4           0
          33     6.66667           0
          33     6.93333           0
          33         7.2           0
          33     7.46667           0
          33     7.73333           0

          34           0           0
          34    0.266667   0.0231481
          34    0.533333   0.0331481
          34         0.8   0.0723148
          34     1.06667   0.0826852
          34     1.33333    0.107037
          34         1.6     0.14713
          34     1.86667    0.157315
          34     2.13333   0.0865741
          34         2.4    0.107963
          34     2.66667   0.0581481
          34     2.93333   0.0472222
          34         3.2   0.0235185
          34     3.46667    0.019537
          34     3.73333  0.00685185
          34           4  0.00416667
          34     4.26667   0.0232407
          34     4.53333           0
          34         4.8           0
          34     5.06667           0
          34     5.33333           0
          34         5.6           0
          34     5.86667           0
          34     6.13333           0
          34         6.4           0
          34     6.66667           0
          34     6.93333           0
          34         7.2           0
          34     7.46667           0
          34     7.73333           0

          35           0           0
          35    0.266667   0.0284259
          35    0.533333   0.0224074
          35         0.8   0.0602778
          35     1.06667   0.0921296
          35     1.33333    0.115833
          35         1.6    0.123056
          35     1.86667    0.166574
          35     2.13333    0.104352
          35         2.4    0.104259
          35     2.66667   0.0632407
          35     2.93333   0.0578704
          35         3.2   0.0132407
          35     3.46667   0.0203704
          35     3.73333  0.00342593
          35           4 0.000555556
          35     4.26667   0.0239815
          35     4.53333           0
          35         4.8           0
          35     5.06667           0
          35     5.33333           0
          35         5.6           0
          35     5.86667           0
          35     6.13333           0
          35         6.4           0
          35     6.66667           0
          35     6.93333           0
          35         7.2           0
          35     7.46667           0
          35     7.73333           0

          36           0           0
          36    0.266667   0.0313889
          36    0.533333   0.0317593
          36         0.8   0.0407407
          36     1.06667    0.102963
          36     1.33333   0.0907407
          36         1.6    0.132315
          36     1.86667    0.143889
          36     2.13333     0.11287
          36         2.4    0.107778
          36     2.66667   0.0656481
          36     2.93333   0.0421296
          36         3.2   0.0562963
          36     3.46667   0.0152778
          36     3.73333  0.00287037
          36           4 0.000462963
          36     4.26667   0.0228704
          36     4.53333           0
          36         4.8           0
          36     5.06667           0
          36     5.33333           0
          36         5.6           0
          36     5.86667           0
          36     6.13333           0
          36         6.4           0
          36     6.66667           0
          36     6.93333           0
          36         7.2           0
          36     7.46667           0
          36     7.73333           0

          37           0           0
          37    0.266667   0.0108333
          37    0.533333   0.0192593
          37         0.8   0.0383333
          37     1.06667   0.0876852
          37     1.33333    0.103611
          37         1.6    0.164074
          37     1.86667    0.143333
          37     2.13333    0.143519
          37         2.4   0.0763889
          37     2.66667       0.065
          37     2.93333    0.027963
          37         3.2   0.0517593
          37     3.46667   0.0387963
          37     3.73333   0.0109259
          37           4           0
          37     4.26667   0.0172222
          37     4.53333   0.0012963
          37         4.8           0
          37     5.06667           0
          37     5.33333           0
          37         5.6           0
          37     5.86667           0
          37     6.13333           0
          37         6.4           0
          37     6.66667           0
          37     6.93333           0
          37         7.2           0
          37     7.46667           0
          37     7.73333           0

          38           0           0
          38    0.266667  0.00972222
          38    0.533333   0.0146296
          38         0.8   0.0381481
          38     1.06667   0.0580556
          38     1.33333    0.108333
          38         1.6    0.166667
          38     1.86667    0.141667
          38     2.13333    0.158796
          38         2.4   0.0936111
          38     2.66667   0.0764815
          38     2.93333   0.0400926
          38         3.2   0.0307407
          38     3.46667   0.0209259
          38     3.73333   0.0169444
          38           4  0.00935185
          38     4.26667   0.0108333
          38     4.53333       0.005
          38         4.8           0
          38     5.06667           0
          38     5.33333           0
          38         5.6           0
          38     5.86667           0
          38     6.13333           0
          38         6.4           0
          38     6.66667           0
          38     6.93333           0
          38         7.2           0
          38     7.46667           0
          38     7.73333           0

          39           0  0.00037037
          39    0.266667   0.0209259
          39    0.533333   0.0301852
          39         0.8   0.0533333
          39     1.06667   0.0573148
          39     1.33333   0.0898148
          39         1.6    0.136667
          39     1.86667    0.120278
          39     2.13333    0.166667
          39         2.4   0.0984259
          39     2.66667   0.0765741
          39     2.93333   0.0512037
          39         3.2   0.0324074
          39     3.46667   0.0249074
          39     3.73333   0.0136111
          39           4  0.00925926
          39     4.26667   0.0162037
          39     4.53333  0.00185185
          39         4.8           0
          39     5.06667           0
          39     5.33333           0
          39         5.6           0
          39     5.86667           0
          39     6.13333           0
          39         6.4           0
          39     6.66667           0
          39     6.93333           0
          39         7.2           0
          39     7.46667           0
          39     7.73333           0

          40           0           0
          40    0.266667   0.0240741
          40    0.533333   0.0611111
          40         0.8    0.080463
          40     1.06667   0.0700926
          40     1.33333   0.0507407
          40         1.6   0.0890741
          40     1.86667      0.1325
          40     2.13333    0.136574
          40         2.4    0.131944
          40     2.66667   0.0711111
          40     2.93333    0.049537
          40         3.2   0.0413889
          40     3.46667   0.0189815
          40     3.73333   0.0162963
          40           4  0.00972222
          40     4.26667   0.0119444
          40     4.53333  0.00037037
          40         4.8   0.0037037
          40     5.06667  0.00037037
          40     5.33333           0
          40         5.6           0
          40     5.86667           0
          40     6.13333           0
          40         6.4           0
          40     6.66667           0
          40     6.93333           0
          40         7.2           0
          40     7.46667           0
          40     7.73333           0

          41           0           0
          41    0.266667   0.0128704
          41    0.533333   0.0519444
          41         0.8   0.0553704
          41     1.06667    0.106759
          41     1.33333   0.0803704
          41         1.6    0.139537
          41     1.86667    0.112593
          41     2.13333    0.114352
          41         2.4    0.107593
          41     2.66667    0.069537
          41     2.93333   0.0506481
          41         3.2   0.0338889
          41     3.46667   0.0208333
          41     3.73333   0.0251852
          41           4           0
          41     4.26667  0.00925926
          41     4.53333           0
          41         4.8 0.000740741
          41     5.06667  0.00851852
          41     5.33333           0
          41         5.6           0
          41     5.86667           0
          41     6.13333           0
          41         6.4           0
          41     6.66667           0
          41     6.93333           0
          41         7.2           0
          41     7.46667           0
          41     7.73333           0

          42           0 0.000925926
          42    0.266667   0.0128704
          42    0.533333   0.0412037
          42         0.8   0.0543519
          42     1.06667   0.0788889
          42     1.33333    0.103796
          42         1.6    0.172315
          42     1.86667    0.123704
          42     2.13333    0.127685
          42         2.4   0.0812037
          42     2.66667   0.0733333
          42     2.93333   0.0464815
          42         3.2    0.029537
          42     3.46667   0.0292593
          42     3.73333  0.00592593
          42           4           0
          42     4.26667  0.00925926
          42     4.53333           0
          42         4.8           0
          42     5.06667  0.00203704
          42     5.33333  0.00722222
          42         5.6           0
          42     5.86667           0
          42     6.13333           0
          42         6.4           0
          42     6.66667           0
          42     6.93333           0
          42         7.2           0
          42     7.46667           0
          42     7.73333           0

          43           0           0
          43    0.266667        0.01
          43    0.533333   0.0346296
          43         0.8   0.0590741
          43     1.06667    0.129259
          43     1.33333    0.103889
          43         1.6    0.113611
          43     1.86667    0.160833
          43     2.13333   0.0933333
          43         2.4   0.0778704
          43     2.66667   0.0572222
          43     2.93333   0.0619444
          43         3.2   0.0491667
          43     3.46667   0.0306481
          43     3.73333           0
          43           4           0
          43     4.26667  0.00925926
          43     4.53333           0
          43         4.8           0
          43     5.06667           0
          43     5.33333  0.00148148
          43         5.6  0.00777778
          43     5.86667           0
          43     6.13333           0
          43         6.4           0
          43     6.66667           0
          43     6.93333           0
          43         7.2           0
          43     7.46667           0
          43     7.73333           0

          44           0  0.00712963
          44    0.266667   0.0158333
          44    0.533333   0.0259259
          44         0.8   0.0419444
          44     1.06667    0.079537
          44     1.33333    0.104167
          44         1.6    0.166481
          44     1.86667    0.129074
          44     2.13333    0.115833
          44         2.4   0.0649074
          44     2.66667   0.0930556
          44     2.93333   0.0557407
          44         3.2   0.0442593
          44     3.46667   0.0305556
          44     3.73333  0.00703704
          44           4           0
          44     4.26667   0.0164815
          44     4.53333 0.000648148
          44         4.8 0.000462963
          44     5.06667  0.00037037
          44     5.33333 0.000555556
          44         5.6           0
          44     5.86667           0
          44     6.13333           0
          44         6.4           0
          44     6.66667           0
          44     6.93333           0
          44         7.2           0
          44     7.46667           0
          44     7.73333           0

          45           0  0.00231481
          45    0.266667   0.0169444
          45    0.533333   0.0185185
          45         0.8   0.0583333
          45     1.06667   0.0673148
          45     1.33333        0.06
          45         1.6    0.146296
          45     1.86667    0.169352
          45     2.13333     0.11787
          45         2.4   0.0827778
          45     2.66667   0.0763889
          45     2.93333      0.0825
          45         3.2        0.04
          45     3.46667   0.0143519
          45     3.73333    0.022037
          45           4  0.00648148
          45     4.26667   0.0185185
          45     4.53333           0
          45         4.8           0
          45     5.06667           0
          45     5.33333           0
          45         5.6           0
          45     5.86667           0
          45     6.13333           0
          45         6.4           0
          45     6.66667           0
          45     6.93333           0
          45         7.2           0
          45     7.46667           0
          45     7.73333           0

          46           0 0.000648148
          46    0.266667   0.0012037
          46    0.533333   0.0165741
          46         0.8   0.0561111
          46     1.06667   0.0993519
          46     1.33333   0.0732407
          46         1.6    0.136574
          46     1.86667    0.112778
          46     2.13333    0.149444
          46         2.4   0.0956481
          46     2.66667   0.0634259
          46     2.93333   0.0389815
          46         3.2    0.072037
          46     3.46667   0.0306481
          46     3.73333   0.0175926
          46           4   0.0176852
          46     4.26667   0.0102778
          46     4.53333  0.00777778
          46         4.8           0
          46     5.06667           0
          46     5.33333           0
          46         5.6           0
          46     5.86667           0
          46     6.13333           0
          46         6.4           0
          46     6.66667           0
          46     6.93333           0
          46         7.2           0
          46     7.46667           0
          46     7.73333           0

          47           0  0.00138889
          47    0.266667  0.00342593
          47    0.533333  0.00685185
          47         0.8    0.022963
          47     1.06667    0.077963
          47     1.33333    0.101204
          47         1.6     0.11787
          47     1.86667    0.140741
          47     2.13333     0.12713
          47         2.4   0.0858333
          47     2.66667   0.0901852
          47     2.93333   0.0597222
          47         3.2   0.0671296
          47     3.46667   0.0498148
          47     3.73333   0.0301852
          47           4  0.00833333
          47     4.26667 0.000462963
          47     4.53333   0.0087963
          47         4.8           0
          47     5.06667           0
          47     5.33333           0
          47         5.6           0
          47     5.86667           0
          47     6.13333           0
          47         6.4           0
          47     6.66667           0
          47     6.93333           0
          47         7.2           0
          47     7.46667           0
          47     7.73333           0

          48           0 9.25926e-05
          48    0.266667  0.00703704
          48    0.533333   0.0159259
          48         0.8   0.0219444
          48     1.06667   0.0362963
          48     1.33333    0.087963
          48         1.6    0.117778
          48     1.86667    0.148519
          48     2.13333    0.121759
          48         2.4   0.0763889
          48     2.66667   0.0767593
          48     2.93333    0.130741
          48         3.2   0.0611111
          48     3.46667   0.0559259
          48     3.73333   0.0325926
          48           4  0.00842593
          48     4.26667 0.000740741
          48     4.53333           0
          48         4.8           0
          48     5.06667           0
          48     5.33333           0
          48         5.6           0
          48     5.86667           0
          48     6.13333           0
          48         6.4           0
          48     6.66667           0
          48     6.93333           0
          48         7.2           0
          48     7.46667           0
          48     7.73333           0

          49           0 0.000185185
          49    0.266667  0.00231481
          49    0.533333  0.00601852
          49         0.8   0.0131481
          49     1.06667   0.0261111
          49     1.33333   0.0681481
          49         1.6   0.0948148
          49     1.86667    0.111019
          49     2.13333     0.11787
          49         2.4    0.156019
          49     2.66667    0.145741
          49     2.93333    0.134815
          49         3.2   0.0708333
          49     3.46667   0.0359259
          49     3.73333   0.0103704
          49           4  0.00472222
          49     4.26667  0.00194444
          49     4.53333           0
          49         4.8           0
          49     5.06667           0
          49     5.33333           0
          49         5.6           0
          49     5.86667           0
          49     6.13333           0
          49         6.4           0
          49     6.66667           0
          49     6.93333           0
          49         7.2           0
          49     7.46667           0
          49     7.73333           0

          50           0           0
          50    0.266667           0
          50    0.533333           0
          50         0.8           0
          50     1.06667  0.00185185
          50     1.33333   0.0108333
          50         1.6    0.034537
          50     1.86667   0.0976852
          50     2.13333    0.289444
          50         2.4    0.344537
          50     2.66667    0.187963
          50     2.93333   0.0331481
          50         3.2           0
          50     3.46667           0
          50     3.73333           0
          50           4           0
          50     4.26667           0
          50     4.53333           0
          50         4.8           0
          50     5.06667           0
          50     5.33333           0
          50         5.6           0
          50     5.86667           0
          50     6.13333           0
          50         6.4           0
          50     6.66667           0
          50     6.93333           0
          50         7.2           0
          50     7.46667           0
          50     7.73333           0

