# BLOCK:        DISTANCE:        ACTUAL_GOFR:
           1           0           0
           1   0.0256496           0
           1   0.0512993           0
           1   0.0769489           0
           1    0.102599           0
           1    0.128248           0
           1    0.153898           0
           1    0.179547           0
           1    0.205197           0
           1    0.230847           0
           1    0.256496           0
           1    0.282146           0
           1    0.307796           0
           1    0.333445           0
           1    0.359095           0
           1    0.384745           0
           1    0.410394           0
           1    0.436044           0
           1    0.461694           0
           1    0.487343           0
           1    0.512993           0
           1    0.538642           0
           1    0.564292           0
           1    0.589942           0
           1    0.615591           0
           1    0.641241           0
           1    0.666891           0
           1     0.69254           0
           1     0.71819           0
           1     0.74384           0
           1    0.769489           0
           1    0.795139           0
           1    0.820788           0
           1    0.846438           0
           1    0.872088           0
           1    0.897737   0.0330424
           1    0.923387    0.172138
           1    0.949037    0.625502
           1    0.974686     1.22232
           1     1.00034     1.85616
           1     1.02599     2.39045
           1     1.05164     2.56438
           1     1.07728     2.51471
           1     1.10293      2.3353
           1     1.12858     2.11665
           1     1.15423     1.90485
           1     1.17988     1.72617
           1     1.20553     1.50897
           1     1.23118     1.43932
           1     1.25683     1.29838
           1     1.28248      1.1475
           1     1.30813     1.05177
           1     1.33378    0.928577
           1     1.35943    0.871022
           1     1.38508    0.810944
           1     1.41073    0.801103
           1     1.43638     0.74277
           1     1.46203    0.691754
           1     1.48768     0.74186
           1     1.51333     0.70221
           1     1.53898    0.679428
           1     1.56463    0.666517
           1     1.59028     0.67614
           1     1.61593    0.659493
           1     1.64158    0.714874
           1     1.66723    0.755281
           1     1.69288    0.732663
           1     1.71853    0.776916
           1     1.74418     0.78492
           1     1.76983    0.835105
           1     1.79547    0.862557
           1     1.82112    0.951477
           1     1.84677    0.990485
           1     1.87242      1.0276
           1     1.89807     1.07469
           1     1.92372     1.12867
           1     1.94937     1.11912
           1     1.97502     1.14752
           1     2.00067     1.16476
           1     2.02632     1.17568
           1     2.05197     1.19706
           1     2.07762     1.22913
           1     2.10327     1.18857
           1     2.12892     1.19285
           1     2.15457     1.14954
           1     2.18022     1.16004
           1     2.20587     1.14544
           1     2.23152     1.10465
           1     2.25717     1.09528
           1     2.28282     1.06995
           1     2.30847     1.02254
           1     2.33412    0.965514
           1     2.35977    0.955997
           1     2.38542    0.937125
           1     2.41107    0.914763
           1     2.43672    0.907351
           1     2.46237    0.918008
           1     2.48802    0.914775
           1     2.51366    0.904447
           1     2.53931    0.895659

           2           0           0
           2   0.0256496           0
           2   0.0512993           0
           2   0.0769489           0
           2    0.102599           0
           2    0.128248           0
           2    0.153898           0
           2    0.179547           0
           2    0.205197           0
           2    0.230847           0
           2    0.256496           0
           2    0.282146           0
           2    0.307796           0
           2    0.333445           0
           2    0.359095           0
           2    0.384745           0
           2    0.410394           0
           2    0.436044           0
           2    0.461694           0
           2    0.487343           0
           2    0.512993           0
           2    0.538642           0
           2    0.564292           0
           2    0.589942           0
           2    0.615591           0
           2    0.641241           0
           2    0.666891           0
           2     0.69254           0
           2     0.71819           0
           2     0.74384           0
           2    0.769489           0
           2    0.795139           0
           2    0.820788           0
           2    0.846438           0
           2    0.872088  0.00169655
           2    0.897737    0.024208
           2    0.923387    0.155792
           2    0.949037    0.590961
           2    0.974686     1.20874
           2     1.00034     1.89971
           2     1.02599     2.45796
           2     1.05164     2.52464
           2     1.07728     2.56324
           2     1.10293     2.38898
           2     1.12858     2.23927
           2     1.15423      1.9194
           2     1.17988     1.72975
           2     1.20553     1.60075
           2     1.23118     1.44818
           2     1.25683     1.25592
           2     1.28248     1.12225
           2     1.30813     1.02131
           2     1.33378    0.920439
           2     1.35943    0.878897
           2     1.38508    0.802289
           2     1.41073    0.738769
           2     1.43638    0.703891
           2     1.46203    0.666745
           2     1.48768    0.635438
           2     1.51333    0.647466
           2     1.53898    0.661758
           2     1.56463    0.654872
           2     1.59028     0.66147
           2     1.61593     0.69853
           2     1.64158    0.703329
           2     1.66723    0.717002
           2     1.69288    0.725776
           2     1.71853    0.772148
           2     1.74418    0.820641
           2     1.76983     0.89124
           2     1.79547    0.921877
           2     1.82112    0.960659
           2     1.84677    0.996518
           2     1.87242     1.03764
           2     1.89807     1.09368
           2     1.92372     1.12711
           2     1.94937     1.17685
           2     1.97502      1.1684
           2     2.00067     1.17742
           2     2.02632     1.20024
           2     2.05197     1.18581
           2     2.07762     1.20228
           2     2.10327     1.20102
           2     2.12892     1.17286
           2     2.15457     1.18065
           2     2.18022     1.16516
           2     2.20587     1.15558
           2     2.23152     1.11885
           2     2.25717     1.05949
           2     2.28282      1.0445
           2     2.30847    0.999997
           2     2.33412    0.972861
           2     2.35977    0.928906
           2     2.38542    0.928903
           2     2.41107    0.913351
           2     2.43672    0.902331
           2     2.46237    0.881253
           2     2.48802    0.873311
           2     2.51366    0.887616
           2     2.53931    0.877841

           3           0           0
           3   0.0256496           0
           3   0.0512993           0
           3   0.0769489           0
           3    0.102599           0
           3    0.128248           0
           3    0.153898           0
           3    0.179547           0
           3    0.205197           0
           3    0.230847           0
           3    0.256496           0
           3    0.282146           0
           3    0.307796           0
           3    0.333445           0
           3    0.359095           0
           3    0.384745           0
           3    0.410394           0
           3    0.436044           0
           3    0.461694           0
           3    0.487343           0
           3    0.512993           0
           3    0.538642           0
           3    0.564292           0
           3    0.589942           0
           3    0.615591           0
           3    0.641241           0
           3    0.666891           0
           3     0.69254           0
           3     0.71819           0
           3     0.74384           0
           3    0.769489           0
           3    0.795139           0
           3    0.820788           0
           3    0.846438           0
           3    0.872088 0.000229263
           3    0.897737   0.0229521
           3    0.923387    0.181191
           3    0.949037    0.579978
           3    0.974686     1.26253
           3     1.00034     1.89744
           3     1.02599     2.33987
           3     1.05164     2.64357
           3     1.07728     2.61941
           3     1.10293     2.36761
           3     1.12858     2.15014
           3     1.15423     1.95401
           3     1.17988     1.76933
           3     1.20553     1.52622
           3     1.23118     1.39287
           3     1.25683     1.24639
           3     1.28248     1.09389
           3     1.30813    0.974968
           3     1.33378    0.874361
           3     1.35943    0.855195
           3     1.38508    0.808739
           3     1.41073    0.771708
           3     1.43638    0.750429
           3     1.46203    0.714155
           3     1.48768    0.662454
           3     1.51333    0.659938
           3     1.53898    0.667857
           3     1.56463    0.692448
           3     1.59028    0.708654
           3     1.61593    0.695822
           3     1.64158    0.691705
           3     1.66723    0.704128
           3     1.69288    0.743487
           3     1.71853    0.754204
           3     1.74418    0.806764
           3     1.76983    0.845907
           3     1.79547    0.893249
           3     1.82112    0.969402
           3     1.84677    0.985781
           3     1.87242     1.01821
           3     1.89807     1.06772
           3     1.92372     1.15106
           3     1.94937     1.17811
           3     1.97502     1.20167
           3     2.00067     1.20781
           3     2.02632     1.20639
           3     2.05197     1.20995
           3     2.07762     1.21436
           3     2.10327     1.21518
           3     2.12892     1.17981
           3     2.15457     1.16445
           3     2.18022     1.16106
           3     2.20587     1.13927
           3     2.23152     1.07514
           3     2.25717     1.04682
           3     2.28282     1.02981
           3     2.30847     1.00753
           3     2.33412    0.970358
           3     2.35977    0.946895
           3     2.38542    0.907713
           3     2.41107     0.89589
           3     2.43672    0.922606
           3     2.46237    0.894522
           3     2.48802    0.851246
           3     2.51366    0.858791
           3     2.53931    0.871292

           4           0           0
           4   0.0256496           0
           4   0.0512993           0
           4   0.0769489           0
           4    0.102599           0
           4    0.128248           0
           4    0.153898           0
           4    0.179547           0
           4    0.205197           0
           4    0.230847           0
           4    0.256496           0
           4    0.282146           0
           4    0.307796           0
           4    0.333445           0
           4    0.359095           0
           4    0.384745           0
           4    0.410394           0
           4    0.436044           0
           4    0.461694           0
           4    0.487343           0
           4    0.512993           0
           4    0.538642           0
           4    0.564292           0
           4    0.589942           0
           4    0.615591           0
           4    0.641241           0
           4    0.666891           0
           4     0.69254           0
           4     0.71819           0
           4     0.74384           0
           4    0.769489           0
           4    0.795139           0
           4    0.820788           0
           4    0.846438           0
           4    0.872088  0.00146728
           4    0.897737   0.0209601
           4    0.923387    0.173653
           4    0.949037    0.616149
           4    0.974686     1.21724
           4     1.00034     1.83314
           4     1.02599     2.37957
           4     1.05164     2.65869
           4     1.07728      2.5888
           4     1.10293      2.3216
           4     1.12858     2.14876
           4     1.15423     1.94508
           4     1.17988     1.75068
           4     1.20553     1.53183
           4     1.23118     1.35806
           4     1.25683     1.24875
           4     1.28248     1.12595
           4     1.30813     1.02335
           4     1.33378      0.9483
           4     1.35943    0.862384
           4     1.38508    0.816695
           4     1.41073     0.77752
           4     1.43638    0.766278
           4     1.46203    0.697862
           4     1.48768    0.666377
           4     1.51333    0.669759
           4     1.53898    0.681754
           4     1.56463    0.682073
           4     1.59028    0.647539
           4     1.61593    0.661266
           4     1.64158    0.680685
           4     1.66723    0.701392
           4     1.69288    0.768146
           4     1.71853    0.795423
           4     1.74418    0.844451
           4     1.76983    0.880257
           4     1.79547    0.914926
           4     1.82112    0.952086
           4     1.84677    0.998896
           4     1.87242     1.00414
           4     1.89807     1.06674
           4     1.92372     1.13235
           4     1.94937      1.1815
           4     1.97502     1.18622
           4     2.00067     1.20548
           4     2.02632     1.22387
           4     2.05197     1.22221
           4     2.07762     1.20515
           4     2.10327     1.16906
           4     2.12892     1.17738
           4     2.15457     1.15217
           4     2.18022     1.11295
           4     2.20587     1.10245
           4     2.23152     1.07739
           4     2.25717     1.04233
           4     2.28282     1.00097
           4     2.30847    0.984137
           4     2.33412    0.992158
           4     2.35977    0.954435
           4     2.38542     0.94162
           4     2.41107    0.936948
           4     2.43672    0.907615
           4     2.46237    0.896662
           4     2.48802    0.885712
           4     2.51366    0.877523
           4     2.53931    0.879771

           5           0           0
           5   0.0256496           0
           5   0.0512993           0
           5   0.0769489           0
           5    0.102599           0
           5    0.128248           0
           5    0.153898           0
           5    0.179547           0
           5    0.205197           0
           5    0.230847           0
           5    0.256496           0
           5    0.282146           0
           5    0.307796           0
           5    0.333445           0
           5    0.359095           0
           5    0.384745           0
           5    0.410394           0
           5    0.436044           0
           5    0.461694           0
           5    0.487343           0
           5    0.512993           0
           5    0.538642           0
           5    0.564292           0
           5    0.589942           0
           5    0.615591           0
           5    0.641241           0
           5    0.666891           0
           5     0.69254           0
           5     0.71819           0
           5     0.74384           0
           5    0.769489           0
           5    0.795139           0
           5    0.820788           0
           5    0.846438           0
           5    0.872088 0.000687789
           5    0.897737   0.0258103
           5    0.923387    0.193849
           5    0.949037    0.612035
           5    0.974686      1.2788
           5     1.00034     1.92706
           5     1.02599     2.41773
           5     1.05164     2.56739
           5     1.07728     2.54982
           5     1.10293     2.41592
           5     1.12858     2.17789
           5     1.15423     1.93743
           5     1.17988     1.70926
           5     1.20553     1.58207
           5     1.23118     1.43885
           5     1.25683     1.25238
           5     1.28248     1.08974
           5     1.30813     0.99497
           5     1.33378    0.937389
           5     1.35943    0.861259
           5     1.38508    0.789225
           5     1.41073    0.721369
           5     1.43638    0.708216
           5     1.46203    0.678449
           5     1.48768    0.667063
           5     1.51333    0.685483
           5     1.53898    0.675745
           5     1.56463    0.651163
           5     1.59028    0.678641
           5     1.61593    0.664664
           5     1.64158    0.684949
           5     1.66723    0.744302
           5     1.69288    0.779661
           5     1.71853    0.819022
           5     1.74418    0.868831
           5     1.76983    0.859071
           5     1.79547    0.901112
           5     1.82112    0.944676
           5     1.84677     1.01303
           5     1.87242     1.03694
           5     1.89807     1.07741
           5     1.92372     1.11338
           5     1.94937     1.17139
           5     1.97502     1.18303
           5     2.00067     1.21542
           5     2.02632     1.19717
           5     2.05197     1.17565
           5     2.07762     1.20936
           5     2.10327     1.20098
           5     2.12892     1.18864
           5     2.15457     1.17049
           5     2.18022     1.12821
           5     2.20587     1.12661
           5     2.23152     1.08573
           5     2.25717     1.02716
           5     2.28282     0.99383
           5     2.30847    0.998098
           5     2.33412    0.971264
           5     2.35977    0.968436
           5     2.38542    0.938143
           5     2.41107    0.902875
           5     2.43672     0.88643
           5     2.46237    0.887349
           5     2.48802     0.89669
           5     2.51366    0.907687
           5     2.53931    0.909783

           6           0           0
           6   0.0256496           0
           6   0.0512993           0
           6   0.0769489           0
           6    0.102599           0
           6    0.128248           0
           6    0.153898           0
           6    0.179547           0
           6    0.205197           0
           6    0.230847           0
           6    0.256496           0
           6    0.282146           0
           6    0.307796           0
           6    0.333445           0
           6    0.359095           0
           6    0.384745           0
           6    0.410394           0
           6    0.436044           0
           6    0.461694           0
           6    0.487343           0
           6    0.512993           0
           6    0.538642           0
           6    0.564292           0
           6    0.589942           0
           6    0.615591           0
           6    0.641241           0
           6    0.666891           0
           6     0.69254           0
           6     0.71819           0
           6     0.74384           0
           6    0.769489           0
           6    0.795139           0
           6    0.820788           0
           6    0.846438           0
           6    0.872088  0.00178825
           6    0.897737   0.0283654
           6    0.923387    0.179184
           6    0.949037    0.570974
           6    0.974686     1.21555
           6     1.00034     1.87407
           6     1.02599     2.41294
           6     1.05164     2.61191
           6     1.07728     2.59639
           6     1.10293     2.44167
           6     1.12858     2.19454
           6     1.15423     1.95164
           6     1.17988     1.72102
           6     1.20553     1.48295
           6     1.23118     1.36212
           6     1.25683     1.21371
           6     1.28248      1.1316
           6     1.30813     1.06454
           6     1.33378    0.965587
           6     1.35943    0.882406
           6     1.38508    0.820793
           6     1.41073    0.768962
           6     1.43638     0.72357
           6     1.46203    0.697647
           6     1.48768    0.685866
           6     1.51333    0.639372
           6     1.53898    0.639764
           6     1.56463    0.636979
           6     1.59028    0.659025
           6     1.61593    0.678267
           6     1.64158    0.700298
           6     1.66723    0.726861
           6     1.69288    0.755989
           6     1.71853    0.774209
           6     1.74418    0.810824
           6     1.76983    0.867636
           6     1.79547     0.91866
           6     1.82112    0.928577
           6     1.84677    0.986965
           6     1.87242      1.0226
           6     1.89807     1.08649
           6     1.92372     1.12823
           6     1.94937     1.13556
           6     1.97502     1.17204
           6     2.00067     1.19292
           6     2.02632     1.21937
           6     2.05197     1.22674
           6     2.07762     1.23758
           6     2.10327     1.21908
           6     2.12892       1.204
           6     2.15457     1.19085
           6     2.18022     1.18193
           6     2.20587     1.12532
           6     2.23152     1.10581
           6     2.25717     1.02669
           6     2.28282     0.99614
           6     2.30847    0.985483
           6     2.33412    0.968611
           6     2.35977    0.948081
           6     2.38542    0.927885
           6     2.41107     0.90084
           6     2.43672    0.926029
           6     2.46237    0.883721
           6     2.48802     0.86661
           6     2.51366    0.872635
           6     2.53931    0.863022

           7           0           0
           7   0.0256496           0
           7   0.0512993           0
           7   0.0769489           0
           7    0.102599           0
           7    0.128248           0
           7    0.153898           0
           7    0.179547           0
           7    0.205197           0
           7    0.230847           0
           7    0.256496           0
           7    0.282146           0
           7    0.307796           0
           7    0.333445           0
           7    0.359095           0
           7    0.384745           0
           7    0.410394           0
           7    0.436044           0
           7    0.461694           0
           7    0.487343           0
           7    0.512993           0
           7    0.538642           0
           7    0.564292           0
           7    0.589942           0
           7    0.615591           0
           7    0.641241           0
           7    0.666891           0
           7     0.69254           0
           7     0.71819           0
           7     0.74384           0
           7    0.769489           0
           7    0.795139           0
           7    0.820788           0
           7    0.846438           0
           7    0.872088  0.00210922
           7    0.897737    0.025767
           7    0.923387     0.17947
           7    0.949037    0.595696
           7    0.974686     1.18911
           7     1.00034     1.87193
           7     1.02599     2.25333
           7     1.05164     2.55569
           7     1.07728     2.61282
           7     1.10293     2.40824
           7     1.12858     2.16453
           7     1.15423     1.91737
           7     1.17988     1.78758
           7     1.20553     1.56202
           7     1.23118     1.38071
           7     1.25683     1.21826
           7     1.28248     1.10156
           7     1.30813      1.0375
           7     1.33378    0.968121
           7     1.35943    0.847186
           7     1.38508    0.823843
           7     1.41073    0.757391
           7     1.43638    0.740444
           7     1.46203    0.706479
           7     1.48768    0.708209
           7     1.51333    0.693207
           7     1.53898    0.677385
           7     1.56463    0.674685
           7     1.59028    0.701807
           7     1.61593    0.739461
           7     1.64158    0.711633
           7     1.66723    0.744023
           7     1.69288    0.762432
           7     1.71853    0.796717
           7     1.74418    0.802484
           7     1.76983    0.842393
           7     1.79547    0.899926
           7     1.82112    0.927381
           7     1.84677    0.964391
           7     1.87242     1.00243
           7     1.89807     1.00474
           7     1.92372     1.08106
           7     1.94937     1.08411
           7     1.97502     1.11035
           7     2.00067     1.16714
           7     2.02632      1.1822
           7     2.05197     1.22557
           7     2.07762     1.22255
           7     2.10327     1.20463
           7     2.12892     1.21117
           7     2.15457     1.19281
           7     2.18022     1.16893
           7     2.20587      1.1457
           7     2.23152     1.11349
           7     2.25717     1.07796
           7     2.28282     1.02863
           7     2.30847       1.022
           7     2.33412     1.00859
           7     2.35977    0.975121
           7     2.38542    0.960637
           7     2.41107    0.927885
           7     2.43672    0.936238
           7     2.46237    0.923089
           7     2.48802    0.913489
           7     2.51366    0.900076
           7     2.53931    0.885984

           8           0           0
           8   0.0256496           0
           8   0.0512993           0
           8   0.0769489           0
           8    0.102599           0
           8    0.128248           0
           8    0.153898           0
           8    0.179547           0
           8    0.205197           0
           8    0.230847           0
           8    0.256496           0
           8    0.282146           0
           8    0.307796           0
           8    0.333445           0
           8    0.359095           0
           8    0.384745           0
           8    0.410394           0
           8    0.436044           0
           8    0.461694           0
           8    0.487343           0
           8    0.512993           0
           8    0.538642           0
           8    0.564292           0
           8    0.589942           0
           8    0.615591           0
           8    0.641241           0
           8    0.666891           0
           8     0.69254           0
           8     0.71819           0
           8     0.74384           0
           8    0.769489           0
           8    0.795139           0
           8    0.820788           0
           8    0.846438           0
           8    0.872088  0.00132973
           8    0.897737   0.0228655
           8    0.923387    0.163904
           8    0.949037    0.594687
           8    0.974686     1.19301
           8     1.00034     1.86648
           8     1.02599     2.41314
           8     1.05164     2.56283
           8     1.07728     2.58339
           8     1.10293     2.45284
           8     1.12858     2.19716
           8     1.15423     1.96569
           8     1.17988     1.75891
           8     1.20553     1.50276
           8     1.23118     1.28497
           8     1.25683     1.14894
           8     1.28248     1.10113
           8     1.30813     1.02442
           8     1.33378    0.952617
           8     1.35943    0.883149
           8     1.38508    0.824505
           8     1.41073    0.782924
           8     1.43638     0.77599
           8     1.46203    0.721286
           8     1.48768    0.714142
           8     1.51333    0.677806
           8     1.53898     0.65223
           8     1.56463     0.66796
           8     1.59028    0.702045
           8     1.61593    0.686889
           8     1.64158    0.708695
           8     1.66723    0.748857
           8     1.69288    0.797199
           8     1.71853    0.780821
           8     1.74418    0.812301
           8     1.76983    0.832856
           8     1.79547    0.872934
           8     1.82112    0.920858
           8     1.84677    0.964692
           8     1.87242     1.02371
           8     1.89807     1.05016
           8     1.92372     1.10898
           8     1.94937     1.09588
           8     1.97502     1.12898
           8     2.00067     1.16208
           8     2.02632     1.19236
           8     2.05197      1.2041
           8     2.07762     1.24607
           8     2.10327     1.22452
           8     2.12892     1.22696
           8     2.15457     1.17921
           8     2.18022     1.16297
           8     2.20587      1.1237
           8     2.23152      1.1185
           8     2.25717      1.0616
           8     2.28282     1.04546
           8     2.30847     1.02601
           8     2.33412      1.0087
           8     2.35977    0.955704
           8     2.38542    0.936295
           8     2.41107    0.938922
           8     2.43672    0.899201
           8     2.46237    0.892418
           8     2.48802    0.883427
           8     2.51366    0.895373
           8     2.53931    0.884203

           9           0           0
           9   0.0256496           0
           9   0.0512993           0
           9   0.0769489           0
           9    0.102599           0
           9    0.128248           0
           9    0.153898           0
           9    0.179547           0
           9    0.205197           0
           9    0.230847           0
           9    0.256496           0
           9    0.282146           0
           9    0.307796           0
           9    0.333445           0
           9    0.359095           0
           9    0.384745           0
           9    0.410394           0
           9    0.436044           0
           9    0.461694           0
           9    0.487343           0
           9    0.512993           0
           9    0.538642           0
           9    0.564292           0
           9    0.589942           0
           9    0.615591           0
           9    0.641241           0
           9    0.666891           0
           9     0.69254           0
           9     0.71819           0
           9     0.74384           0
           9    0.769489           0
           9    0.795139           0
           9    0.820788           0
           9    0.846438           0
           9    0.872088 0.000229263
           9    0.897737   0.0250741
           9    0.923387    0.171236
           9    0.949037     0.59523
           9    0.974686     1.19839
           9     1.00034     1.80145
           9     1.02599     2.36146
           9     1.05164     2.49146
           9     1.07728     2.55242
           9     1.10293     2.41906
           9     1.12858      2.1793
           9     1.15423      2.0035
           9     1.17988     1.78271
           9     1.20553     1.56817
           9     1.23118     1.39514
           9     1.25683     1.27432
           9     1.28248     1.11863
           9     1.30813     1.00929
           9     1.33378    0.947646
           9     1.35943    0.856701
           9     1.38508    0.788122
           9     1.41073    0.762689
           9     1.43638    0.730665
           9     1.46203    0.675313
           9     1.48768    0.692979
           9     1.51333    0.683988
           9     1.53898    0.668364
           9     1.56463     0.68418
           9     1.59028    0.710791
           9     1.61593    0.705785
           9     1.64158    0.722575
           9     1.66723    0.725385
           9     1.69288    0.730158
           9     1.71853    0.794501
           9     1.74418    0.817919
           9     1.76983    0.859252
           9     1.79547    0.877777
           9     1.82112    0.924968
           9     1.84677     0.95246
           9     1.87242     1.01448
           9     1.89807     1.03819
           9     1.92372     1.07948
           9     1.94937     1.12906
           9     1.97502     1.16337
           9     2.00067      1.1903
           9     2.02632     1.22298
           9     2.05197     1.23256
           9     2.07762     1.24366
           9     2.10327     1.22479
           9     2.12892     1.19074
           9     2.15457     1.20478
           9     2.18022     1.16872
           9     2.20587     1.11404
           9     2.23152      1.0655
           9     2.25717     1.05391
           9     2.28282     1.03408
           9     2.30847      0.9926
           9     2.33412     0.98631
           9     2.35977    0.971135
           9     2.38542    0.949255
           9     2.41107    0.918656
           9     2.43672      0.9154
           9     2.46237    0.899885
           9     2.48802    0.896908
           9     2.51366    0.899007
           9     2.53931    0.886866

          10           0           0
          10   0.0256496           0
          10   0.0512993           0
          10   0.0769489           0
          10    0.102599           0
          10    0.128248           0
          10    0.153898           0
          10    0.179547           0
          10    0.205197           0
          10    0.230847           0
          10    0.256496           0
          10    0.282146           0
          10    0.307796           0
          10    0.333445           0
          10    0.359095           0
          10    0.384745           0
          10    0.410394           0
          10    0.436044           0
          10    0.461694           0
          10    0.487343           0
          10    0.512993           0
          10    0.538642           0
          10    0.564292           0
          10    0.589942           0
          10    0.615591           0
          10    0.641241           0
          10    0.666891           0
          10     0.69254           0
          10     0.71819           0
          10     0.74384           0
          10    0.769489           0
          10    0.795139           0
          10    0.820788           0
          10    0.846438           0
          10    0.872088  0.00137558
          10    0.897737    0.023212
          10    0.923387    0.173653
          10    0.949037    0.567714
          10    0.974686     1.17589
          10     1.00034      1.9469
          10     1.02599     2.43334
          10     1.05164     2.58694
          10     1.07728     2.58835
          10     1.10293     2.40848
          10     1.12858     2.26686
          10     1.15423     1.90901
          10     1.17988      1.6926
          10     1.20553     1.50201
          10     1.23118     1.34022
          10     1.25683     1.17574
          10     1.28248     1.05248
          10     1.30813     1.01987
          10     1.33378    0.960656
          10     1.35943    0.893484
          10     1.38508    0.794572
          10     1.41073    0.739796
          10     1.43638     0.69606
          10     1.46203    0.713957
          10     1.48768    0.687429
          10     1.51333    0.697092
          10     1.53898    0.693907
          10     1.56463      0.6905
          10     1.59028    0.665717
          10     1.61593    0.715828
          10     1.64158    0.705743
          10     1.66723    0.732789
          10     1.69288    0.777637
          10     1.71853    0.796945
          10     1.74418    0.841136
          10     1.76983    0.863568
          10     1.79547    0.910709
          10     1.82112     0.93936
          10     1.84677    0.975221
          10     1.87242     1.07072
          10     1.89807     1.09295
          10     1.92372     1.09833
          10     1.94937     1.12499
          10     1.97502     1.14691
          10     2.00067     1.19057
          10     2.02632     1.18577
          10     2.05197     1.21027
          10     2.07762     1.19952
          10     2.10327     1.24205
          10     2.12892     1.20997
          10     2.15457     1.16816
          10     2.18022     1.11503
          10     2.20587     1.09974
          10     2.23152     1.06199
          10     2.25717      1.0306
          10     2.28282     1.00868
          10     2.30847    0.986943
          10     2.33412    0.968233
          10     2.35977    0.946659
          10     2.38542    0.944017
          10     2.41107    0.932682
          10     2.43672    0.914587
          10     2.46237    0.892776
          10     2.48802    0.899951
          10     2.51366     0.87623
          10     2.53931    0.879142

          11           0           0
          11   0.0256496           0
          11   0.0512993           0
          11   0.0769489           0
          11    0.102599           0
          11    0.128248           0
          11    0.153898           0
          11    0.179547           0
          11    0.205197           0
          11    0.230847           0
          11    0.256496           0
          11    0.282146           0
          11    0.307796           0
          11    0.333445           0
          11    0.359095           0
          11    0.384745           0
          11    0.410394           0
          11    0.436044           0
          11    0.461694           0
          11    0.487343           0
          11    0.512993           0
          11    0.538642           0
          11    0.564292           0
          11    0.589942           0
          11    0.615591           0
          11    0.641241           0
          11    0.666891           0
          11     0.69254           0
          11     0.71819           0
          11     0.74384           0
          11    0.769489           0
          11    0.795139           0
          11    0.820788           0
          11    0.846438           0
          11    0.872088  0.00110046
          11    0.897737   0.0302708
          11    0.923387    0.205115
          11    0.949037    0.576601
          11    0.974686     1.15365
          11     1.00034     1.83954
          11     1.02599     2.37727
          11     1.05164     2.62674
          11     1.07728     2.49888
          11     1.10293     2.41465
          11     1.12858     2.13424
          11     1.15423     1.98639
          11     1.17988     1.76454
          11     1.20553     1.56105
          11     1.23118     1.39303
          11     1.25683     1.23552
          11     1.28248     1.13282
          11     1.30813      1.0139
          11     1.33378    0.975864
          11     1.35943    0.837671
          11     1.38508     0.77243
          11     1.41073    0.742702
          11     1.43638    0.706011
          11     1.46203    0.724571
          11     1.48768    0.685244
          11     1.51333    0.677991
          11     1.53898    0.685169
          11     1.56463    0.684093
          11     1.59028    0.672522
          11     1.61593    0.674761
          11     1.64158    0.707015
          11     1.66723    0.721251
          11     1.69288    0.753533
          11     1.71853     0.75969
          11     1.74418    0.841892
          11     1.76983    0.852404
          11     1.79547    0.925676
          11     1.82112    0.967075
          11     1.84677    0.995999
          11     1.87242     1.02756
          11     1.89807     1.07386
          11     1.92372     1.14851
          11     1.94937     1.12469
          11     1.97502     1.13555
          11     2.00067      1.1809
          11     2.02632     1.20382
          11     2.05197     1.22661
          11     2.07762     1.22037
          11     2.10327     1.19626
          11     2.12892     1.16579
          11     2.15457     1.15098
          11     2.18022     1.13057
          11     2.20587     1.09957
          11     2.23152     1.07279
          11     2.25717     1.05365
          11     2.28282     1.03455
          11     2.30847    0.999411
          11     2.33412     1.00184
          11     2.35977    0.976321
          11     2.38542     0.94521
          11     2.41107    0.936196
          11     2.43672    0.908249
          11     2.46237    0.884705
          11     2.48802    0.878007
          11     2.51366    0.880173
          11     2.53931    0.898796

          12           0           0
          12   0.0256496           0
          12   0.0512993           0
          12   0.0769489           0
          12    0.102599           0
          12    0.128248           0
          12    0.153898           0
          12    0.179547           0
          12    0.205197           0
          12    0.230847           0
          12    0.256496           0
          12    0.282146           0
          12    0.307796           0
          12    0.333445           0
          12    0.359095           0
          12    0.384745           0
          12    0.410394           0
          12    0.436044           0
          12    0.461694           0
          12    0.487343           0
          12    0.512993           0
          12    0.538642           0
          12    0.564292           0
          12    0.589942           0
          12    0.615591           0
          12    0.641241           0
          12    0.666891           0
          12     0.69254           0
          12     0.71819           0
          12     0.74384           0
          12    0.769489           0
          12    0.795139           0
          12    0.820788           0
          12    0.846438           0
          12    0.872088  0.00178825
          12    0.897737   0.0207868
          12    0.923387    0.173694
          12    0.949037    0.582539
          12    0.974686     1.20001
          12     1.00034      1.8684
          12     1.02599       2.303
          12     1.05164     2.58425
          12     1.07728     2.58312
          12     1.10293     2.39103
          12     1.12858     2.06553
          12     1.15423     1.91136
          12     1.17988     1.75131
          12     1.20553       1.632
          12     1.23118     1.43702
          12     1.25683     1.24153
          12     1.28248     1.10464
          12     1.30813     1.00588
          12     1.33378    0.948736
          12     1.35943    0.905726
          12     1.38508     0.84378
          12     1.41073    0.776846
          12     1.43638    0.744616
          12     1.46203    0.693917
          12     1.48768    0.677605
          12     1.51333    0.683572
          12     1.53898    0.709757
          12     1.56463    0.728596
          12     1.59028    0.681254
          12     1.61593    0.687525
          12     1.64158     0.69286
          12     1.66723    0.711659
          12     1.69288    0.717544
          12     1.71853    0.779923
          12     1.74418    0.795272
          12     1.76983    0.840743
          12     1.79547      0.8589
          12     1.82112    0.912755
          12     1.84677    0.948816
          12     1.87242     1.01305
          12     1.89807     1.06377
          12     1.92372     1.10043
          12     1.94937     1.14564
          12     1.97502     1.16325
          12     2.00067     1.18611
          12     2.02632     1.20597
          12     2.05197     1.19712
          12     2.07762     1.23419
          12     2.10327     1.25218
          12     2.12892     1.19132
          12     2.15457     1.18665
          12     2.18022     1.14802
          12     2.20587     1.11523
          12     2.23152     1.10126
          12     2.25717     1.09228
          12     2.28282     1.04316
          12     2.30847     1.00873
          12     2.33412    0.988781
          12     2.35977    0.969125
          12     2.38542    0.945441
          12     2.41107    0.944967
          12     2.43672    0.920751
          12     2.46237    0.905154
          12     2.48802    0.884684
          12     2.51366    0.872314
          12     2.53931    0.870007

          13           0           0
          13   0.0256496           0
          13   0.0512993           0
          13   0.0769489           0
          13    0.102599           0
          13    0.128248           0
          13    0.153898           0
          13    0.179547           0
          13    0.205197           0
          13    0.230847           0
          13    0.256496           0
          13    0.282146           0
          13    0.307796           0
          13    0.333445           0
          13    0.359095           0
          13    0.384745           0
          13    0.410394           0
          13    0.436044           0
          13    0.461694           0
          13    0.487343           0
          13    0.512993           0
          13    0.538642           0
          13    0.564292           0
          13    0.589942           0
          13    0.615591           0
          13    0.641241           0
          13    0.666891           0
          13     0.69254           0
          13     0.71819           0
          13     0.74384           0
          13    0.769489           0
          13    0.795139           0
          13    0.820788           0
          13    0.846438           0
          13    0.872088  0.00220093
          13    0.897737   0.0214797
          13    0.923387    0.167549
          13    0.949037    0.600314
          13    0.974686     1.22759
          13     1.00034      1.8258
          13     1.02599     2.28241
          13     1.05164     2.53079
          13     1.07728     2.51598
          13     1.10293     2.36824
          13     1.12858     2.17891
          13     1.15423     1.96952
          13     1.17988     1.73935
          13     1.20553     1.62363
          13     1.23118     1.43971
          13     1.25683     1.26773
          13     1.28248     1.12458
          13     1.30813     1.05586
          13     1.33378     0.96927
          13     1.35943    0.866865
          13     1.38508    0.832277
          13     1.41073    0.776138
          13     1.43638    0.733332
          13     1.46203     0.68492
          13     1.48768    0.675946
          13     1.51333    0.668602
          13     1.53898     0.68153
          13     1.56463    0.683155
          13     1.59028    0.692362
          13     1.61593     0.71687
          13     1.64158    0.714454
          13     1.66723     0.70166
          13     1.69288    0.711176
          13     1.71853    0.770795
          13     1.74418    0.811231
          13     1.76983    0.831749
          13     1.79547    0.909984
          13     1.82112    0.955406
          13     1.84677    0.945784
          13     1.87242     1.02392
          13     1.89807      1.0408
          13     1.92372     1.05636
          13     1.94937     1.13016
          13     1.97502     1.17764
          13     2.00067     1.20724
          13     2.02632     1.23125
          13     2.05197       1.241
          13     2.07762     1.21905
          13     2.10327     1.21397
          13     2.12892      1.1809
          13     2.15457     1.16632
          13     2.18022     1.15211
          13     2.20587     1.12825
          13     2.23152     1.09392
          13     2.25717     1.05371
          13     2.28282      1.0229
          13     2.30847      1.0046
          13     2.33412    0.967203
          13     2.35977    0.963875
          13     2.38542    0.946864
          13     2.41107    0.935665
          13     2.43672    0.937663
          13     2.46237    0.910394
          13     2.48802    0.899101
          13     2.51366    0.904745
          13     2.53931    0.901673

          14           0           0
          14   0.0256496           0
          14   0.0512993           0
          14   0.0769489           0
          14    0.102599           0
          14    0.128248           0
          14    0.153898           0
          14    0.179547           0
          14    0.205197           0
          14    0.230847           0
          14    0.256496           0
          14    0.282146           0
          14    0.307796           0
          14    0.333445           0
          14    0.359095           0
          14    0.384745           0
          14    0.410394           0
          14    0.436044           0
          14    0.461694           0
          14    0.487343           0
          14    0.512993           0
          14    0.538642           0
          14    0.564292           0
          14    0.589942           0
          14    0.615591           0
          14    0.641241           0
          14    0.666891           0
          14     0.69254           0
          14     0.71819           0
          14     0.74384           0
          14    0.769489           0
          14    0.795139           0
          14    0.820788           0
          14    0.846438           0
          14    0.872088 0.000687789
          14    0.897737   0.0225191
          14    0.923387    0.177217
          14    0.949037    0.588283
          14    0.974686     1.20785
          14     1.00034     1.78928
          14     1.02599     2.27206
          14     1.05164       2.436
          14     1.07728     2.51163
          14     1.10293     2.43115
          14     1.12858     2.26835
          14     1.15423     2.06764
          14     1.17988     1.78031
          14     1.20553     1.60745
          14     1.23118     1.40962
          14     1.25683     1.27254
          14     1.28248     1.16537
          14     1.30813     1.03139
          14     1.33378    0.928637
          14     1.35943     0.86656
          14     1.38508    0.817026
          14     1.41073    0.759925
          14     1.43638    0.715996
          14     1.46203     0.67523
          14     1.48768    0.654927
          14     1.51333    0.632003
          14     1.53898    0.629118
          14     1.56463     0.64835
          14     1.59028    0.644186
          14     1.61593    0.645985
          14     1.64158    0.698068
          14     1.66723    0.723617
          14     1.69288    0.738402
          14     1.71853    0.766554
          14     1.74418    0.843893
          14     1.76983    0.892359
          14     1.79547    0.926632
          14     1.82112    0.965313
          14     1.84677     1.00676
          14     1.87242     1.03883
          14     1.89807     1.08479
          14     1.92372     1.11776
          14     1.94937     1.15256
          14     1.97502     1.16051
          14     2.00067     1.16061
          14     2.02632     1.19142
          14     2.05197     1.19547
          14     2.07762     1.20361
          14     2.10327     1.21152
          14     2.12892     1.17809
          14     2.15457     1.16174
          14     2.18022      1.1486
          14     2.20587     1.13339
          14     2.23152     1.10745
          14     2.25717     1.08943
          14     2.28282     1.05107
          14     2.30847     1.02753
          14     2.33412     1.00964
          14     2.35977     0.97574
          14     2.38542    0.946945
          14     2.41107    0.929467
          14     2.43672    0.898973
          14     2.46237    0.885508
          14     2.48802    0.861604
          14     2.51366    0.879999
          14     2.53931    0.877802

          15           0           0
          15   0.0256496           0
          15   0.0512993           0
          15   0.0769489           0
          15    0.102599           0
          15    0.128248           0
          15    0.153898           0
          15    0.179547           0
          15    0.205197           0
          15    0.230847           0
          15    0.256496           0
          15    0.282146           0
          15    0.307796           0
          15    0.333445           0
          15    0.359095           0
          15    0.384745           0
          15    0.410394           0
          15    0.436044           0
          15    0.461694           0
          15    0.487343           0
          15    0.512993           0
          15    0.538642           0
          15    0.564292           0
          15    0.589942           0
          15    0.615591           0
          15    0.641241           0
          15    0.666891           0
          15     0.69254           0
          15     0.71819           0
          15     0.74384           0
          15    0.769489           0
          15    0.795139           0
          15    0.820788           0
          15    0.846438 0.000194523
          15    0.872088  0.00187996
          15    0.897737   0.0322629
          15    0.923387    0.167713
          15    0.949037    0.588826
          15    0.974686     1.27015
          15     1.00034     1.86679
          15     1.02599     2.28417
          15     1.05164     2.51548
          15     1.07728     2.50837
          15     1.10293      2.4608
          15     1.12858      2.2113
          15     1.15423     1.95491
          15     1.17988     1.78334
          15     1.20553     1.61364
          15     1.23118     1.45004
          15     1.25683     1.31197
          15     1.28248     1.19878
          15     1.30813     1.08804
          15     1.33378    0.901469
          15     1.35943    0.807372
          15     1.38508    0.749057
          15     1.41073    0.723548
          15     1.43638    0.705122
          15     1.46203    0.664748
          15     1.48768    0.644433
          15     1.51333    0.652615
          15     1.53898    0.631145
          15     1.56463    0.640572
          15     1.59028    0.634867
          15     1.61593    0.650911
          15     1.64158    0.676749
          15     1.66723    0.738578
          15     1.69288    0.769072
          15     1.71853    0.800155
          15     1.74418    0.824723
          15     1.76983    0.852902
          15     1.79547    0.931606
          15     1.82112    0.964705
          15     1.84677     1.00877
          15     1.87242     1.07651
          15     1.89807     1.08694
          15     1.92372     1.14867
          15     1.94937       1.184
          15     1.97502     1.17956
          15     2.00067      1.2164
          15     2.02632     1.21925
          15     2.05197     1.20748
          15     2.07762     1.21284
          15     2.10327     1.20605
          15     2.12892      1.1912
          15     2.15457     1.13531
          15     2.18022     1.13114
          15     2.20587     1.11052
          15     2.23152        1.08
          15     2.25717     1.06266
          15     2.28282     1.02342
          15     2.30847    0.975407
          15     2.33412    0.961231
          15     2.35977    0.963894
          15     2.38542    0.921923
          15     2.41107    0.902356
          15     2.43672    0.887711
          15     2.46237    0.890408
          15     2.48802    0.886097
          15     2.51366    0.863831
          15     2.53931    0.879578

          16           0           0
          16   0.0256496           0
          16   0.0512993           0
          16   0.0769489           0
          16    0.102599           0
          16    0.128248           0
          16    0.153898           0
          16    0.179547           0
          16    0.205197           0
          16    0.230847           0
          16    0.256496           0
          16    0.282146           0
          16    0.307796           0
          16    0.333445           0
          16    0.359095           0
          16    0.384745           0
          16    0.410394           0
          16    0.436044           0
          16    0.461694           0
          16    0.487343           0
          16    0.512993           0
          16    0.538642           0
          16    0.564292           0
          16    0.589942           0
          16    0.615591           0
          16    0.641241           0
          16    0.666891           0
          16     0.69254           0
          16     0.71819           0
          16     0.74384           0
          16    0.769489           0
          16    0.795139           0
          16    0.820788           0
          16    0.846438           0
          16    0.872088  0.00128387
          16    0.897737   0.0228655
          16    0.923387    0.156243
          16    0.949037    0.549977
          16    0.974686     1.25086
          16     1.00034     1.90205
          16     1.02599     2.31042
          16     1.05164     2.61999
          16     1.07728     2.60527
          16     1.10293     2.39697
          16     1.12858     2.15502
          16     1.15423     1.89818
          16     1.17988     1.67233
          16     1.20553     1.53386
          16     1.23118     1.42498
          16     1.25683      1.2328
          16     1.28248     1.08561
          16     1.30813     1.00168
          16     1.33378    0.950102
          16     1.35943    0.878363
          16     1.38508    0.812451
          16     1.41073    0.801458
          16     1.43638    0.751506
          16     1.46203    0.717341
          16     1.48768    0.709422
          16     1.51333    0.721204
          16     1.53898    0.695368
          16     1.56463    0.669995
          16     1.59028    0.681045
          16     1.61593    0.687322
          16     1.64158    0.705493
          16     1.66723    0.708262
          16     1.69288    0.709682
          16     1.71853    0.755222
          16     1.74418    0.816756
          16     1.76983    0.863116
          16     1.79547     0.90333
          16     1.82112     0.93479
          16     1.84677    0.955191
          16     1.87242     1.02174
          16     1.89807     1.05965
          16     1.92372     1.11435
          16     1.94937     1.12895
          16     1.97502     1.18979
          16     2.00067     1.21086
          16     2.02632     1.20732
          16     2.05197     1.20775
          16     2.07762     1.22624
          16     2.10327     1.21336
          16     2.12892     1.22105
          16     2.15457     1.16005
          16     2.18022     1.14097
          16     2.20587     1.12649
          16     2.23152       1.068
          16     2.25717       1.043
          16     2.28282     1.03628
          16     2.30847    0.971722
          16     2.33412    0.973292
          16     2.35977    0.968602
          16     2.38542    0.932892
          16     2.41107     0.92011
          16     2.43672    0.914156
          16     2.46237    0.900477
          16     2.48802    0.916859
          16     2.51366    0.917757
          16     2.53931    0.886921

          17           0           0
          17   0.0256496           0
          17   0.0512993           0
          17   0.0769489           0
          17    0.102599           0
          17    0.128248           0
          17    0.153898           0
          17    0.179547           0
          17    0.205197           0
          17    0.230847           0
          17    0.256496           0
          17    0.282146           0
          17    0.307796           0
          17    0.333445           0
          17    0.359095           0
          17    0.384745           0
          17    0.410394           0
          17    0.436044           0
          17    0.461694           0
          17    0.487343           0
          17    0.512993           0
          17    0.538642           0
          17    0.564292           0
          17    0.589942           0
          17    0.615591           0
          17    0.641241           0
          17    0.666891           0
          17     0.69254           0
          17     0.71819           0
          17     0.74384           0
          17    0.769489           0
          17    0.795139           0
          17    0.820788           0
          17    0.846438           0
          17    0.872088 0.000871199
          17    0.897737   0.0264599
          17    0.923387    0.181478
          17    0.949037    0.573263
          17    0.974686     1.20962
          17     1.00034     1.87082
          17     1.02599     2.32387
          17     1.05164     2.58124
          17     1.07728      2.5691
          17     1.10293     2.40608
          17     1.12858     2.25148
          17     1.15423      1.9319
          17     1.17988     1.66824
          17     1.20553     1.49758
          17     1.23118     1.41918
          17     1.25683     1.23467
          17     1.28248     1.13409
          17     1.30813     1.05456
          17     1.33378     1.01271
          17     1.35943    0.911408
          17     1.38508    0.871453
          17     1.41073    0.775181
          17     1.43638    0.710849
          17     1.46203    0.663757
          17     1.48768    0.650078
          17     1.51333    0.644352
          17     1.53898    0.668915
          17     1.56463    0.666763
          17     1.59028    0.623619
          17     1.61593    0.649436
          17     1.64158    0.696979
          17     1.66723    0.716989
          17     1.69288    0.744746
          17     1.71853    0.805845
          17     1.74418    0.831668
          17     1.76983    0.862969
          17     1.79547    0.875712
          17     1.82112    0.948765
          17     1.84677    0.999041
          17     1.87242     1.04583
          17     1.89807      1.0654
          17     1.92372     1.08295
          17     1.94937     1.12417
          17     1.97502     1.15063
          17     2.00067     1.19328
          17     2.02632     1.22935
          17     2.05197     1.25713
          17     2.07762       1.231
          17     2.10327     1.22178
          17     2.12892     1.20808
          17     2.15457     1.15799
          17     2.18022      1.1383
          17     2.20587     1.11213
          17     2.23152     1.09235
          17     2.25717     1.06082
          17     2.28282     1.02746
          17     2.30847     1.02495
          17     2.33412    0.986076
          17     2.35977    0.956935
          17     2.38542    0.932917
          17     2.41107    0.939857
          17     2.43672    0.904856
          17     2.46237    0.902177
          17     2.48802    0.887354
          17     2.51366    0.868675
          17     2.53931    0.875696

          18           0           0
          18   0.0256496           0
          18   0.0512993           0
          18   0.0769489           0
          18    0.102599           0
          18    0.128248           0
          18    0.153898           0
          18    0.179547           0
          18    0.205197           0
          18    0.230847           0
          18    0.256496           0
          18    0.282146           0
          18    0.307796           0
          18    0.333445           0
          18    0.359095           0
          18    0.384745           0
          18    0.410394           0
          18    0.436044           0
          18    0.461694           0
          18    0.487343           0
          18    0.512993           0
          18    0.538642           0
          18    0.564292           0
          18    0.589942           0
          18    0.615591           0
          18    0.641241           0
          18    0.666891           0
          18     0.69254           0
          18     0.71819           0
          18     0.74384           0
          18    0.769489           0
          18    0.795139           0
          18    0.820788           0
          18    0.846438           0
          18    0.872088  0.00421844
          18    0.897737   0.0224325
          18    0.923387    0.168492
          18    0.949037    0.574001
          18    0.974686     1.23171
          18     1.00034     1.90265
          18     1.02599     2.34742
          18     1.05164     2.48912
          18     1.07728     2.50275
          18     1.10293     2.33908
          18     1.12858     2.23936
          18     1.15423     1.98813
          18     1.17988     1.80613
          18     1.20553     1.59344
          18     1.23118     1.43018
          18     1.25683     1.27867
          18     1.28248     1.13394
          18     1.30813     1.03183
          18     1.33378    0.905786
          18     1.35943    0.825181
          18     1.38508    0.795693
          18     1.41073    0.749861
          18     1.43638    0.740718
          18     1.46203    0.709104
          18     1.48768    0.694941
          18     1.51333    0.663993
          18     1.53898     0.68663
          18     1.56463    0.665363
          18     1.59028    0.678823
          18     1.61593    0.682679
          18     1.64158    0.684503
          18     1.66723    0.692284
          18     1.69288    0.753842
          18     1.71853    0.790859
          18     1.74418    0.838984
          18     1.76983    0.863851
          18     1.79547    0.884794
          18     1.82112    0.886203
          18     1.84677    0.956572
          18     1.87242    0.989672
          18     1.89807      1.0566
          18     1.92372     1.11649
          18     1.94937     1.15806
          18     1.97502     1.20025
          18     2.00067     1.20214
          18     2.02632     1.23598
          18     2.05197     1.21597
          18     2.07762     1.24799
          18     2.10327     1.25038
          18     2.12892     1.20789
          18     2.15457     1.19536
          18     2.18022     1.16008
          18     2.20587     1.12554
          18     2.23152     1.11926
          18     2.25717      1.0521
          18     2.28282     1.00796
          18     2.30847     1.00012
          18     2.33412    0.974263
          18     2.35977    0.962172
          18     2.38542    0.923234
          18     2.41107    0.906982
          18     2.43672    0.893928
          18     2.46237    0.870205
          18     2.48802    0.867822
          18     2.51366    0.879959
          18     2.53931    0.873166

          19           0           0
          19   0.0256496           0
          19   0.0512993           0
          19   0.0769489           0
          19    0.102599           0
          19    0.128248           0
          19    0.153898           0
          19    0.179547           0
          19    0.205197           0
          19    0.230847           0
          19    0.256496           0
          19    0.282146           0
          19    0.307796           0
          19    0.333445           0
          19    0.359095           0
          19    0.384745           0
          19    0.410394           0
          19    0.436044           0
          19    0.461694           0
          19    0.487343           0
          19    0.512993           0
          19    0.538642           0
          19    0.564292           0
          19    0.589942           0
          19    0.615591           0
          19    0.641241           0
          19    0.666891           0
          19     0.69254           0
          19     0.71819           0
          19     0.74384           0
          19    0.769489           0
          19    0.795139           0
          19    0.820788           0
          19    0.846438           0
          19    0.872088  0.00284286
          19    0.897737   0.0321763
          19    0.923387     0.17988
          19    0.949037    0.609279
          19    0.974686     1.27483
          19     1.00034     1.90559
          19     1.02599     2.26873
          19     1.05164      2.5633
          19     1.07728     2.58315
          19     1.10293     2.36879
          19     1.12858     2.24443
          19     1.15423     1.97157
          19     1.17988     1.75373
          19     1.20553     1.50046
          19     1.23118     1.36939
          19     1.25683     1.23064
          19     1.28248     1.14825
          19     1.30813    0.978425
          19     1.33378    0.884638
          19     1.35943    0.830482
          19     1.38508    0.793102
          19     1.41073    0.745218
          19     1.43638    0.724271
          19     1.46203    0.686059
          19     1.48768    0.688498
          19     1.51333    0.682215
          19     1.53898    0.706357
          19     1.56463    0.696085
          19     1.59028    0.711923
          19     1.61593    0.729621
          19     1.64158    0.722601
          19     1.66723    0.723159
          19     1.69288    0.748115
          19     1.71853    0.804899
          19     1.74418    0.844951
          19     1.76983    0.881794
          19     1.79547    0.926654
          19     1.82112    0.931609
          19     1.84677    0.987453
          19     1.87242     1.00713
          19     1.89807     1.03323
          19     1.92372      1.0814
          19     1.94937     1.08679
          19     1.97502     1.13056
          19     2.00067     1.19312
          19     2.02632     1.20989
          19     2.05197     1.20246
          19     2.07762      1.1886
          19     2.10327     1.20814
          19     2.12892     1.19878
          19     2.15457     1.17948
          19     2.18022     1.13579
          19     2.20587     1.07881
          19     2.23152     1.07755
          19     2.25717     1.08782
          19     2.28282      1.0537
          19     2.30847     1.02423
          19     2.33412     0.98706
          19     2.35977    0.980263
          19     2.38542    0.958839
          19     2.41107    0.940945
          19     2.43672    0.930104
          19     2.46237    0.900583
          19     2.48802    0.910171
          19     2.51366    0.884139
          19     2.53931    0.898073

          20           0           0
          20   0.0256496           0
          20   0.0512993           0
          20   0.0769489           0
          20    0.102599           0
          20    0.128248           0
          20    0.153898           0
          20    0.179547           0
          20    0.205197           0
          20    0.230847           0
          20    0.256496           0
          20    0.282146           0
          20    0.307796           0
          20    0.333445           0
          20    0.359095           0
          20    0.384745           0
          20    0.410394           0
          20    0.436044           0
          20    0.461694           0
          20    0.487343           0
          20    0.512993           0
          20    0.538642           0
          20    0.564292           0
          20    0.589942           0
          20    0.615591           0
          20    0.641241           0
          20    0.666891           0
          20     0.69254           0
          20     0.71819           0
          20     0.74384           0
          20    0.769489           0
          20    0.795139           0
          20    0.820788           0
          20    0.846438           0
          20    0.872088 0.000596084
          20    0.897737   0.0241647
          20    0.923387    0.183731
          20    0.949037    0.593057
          20    0.974686     1.24452
          20     1.00034      1.8861
          20     1.02599      2.3022
          20     1.05164     2.61511
          20     1.07728     2.61007
          20     1.10293     2.36939
          20     1.12858     2.10919
          20     1.15423     1.90559
          20     1.17988     1.74699
          20     1.20553     1.55624
          20     1.23118     1.35734
          20     1.25683     1.19667
          20     1.28248     1.07226
          20     1.30813     1.04876
          20     1.33378    0.936181
          20     1.35943    0.898175
          20     1.38508    0.798725
          20     1.41073    0.770769
          20     1.43638    0.751626
          20     1.46203    0.753658
          20     1.48768    0.724572
          20     1.51333    0.681413
          20     1.53898    0.670317
          20     1.56463    0.663516
          20     1.59028    0.668707
          20     1.61593    0.685278
          20     1.64158    0.729173
          20     1.66723    0.753475
          20     1.69288    0.746301
          20     1.71853    0.753665
          20     1.74418    0.807043
          20     1.76983    0.856834
          20     1.79547      0.8908
          20     1.82112    0.947783
          20     1.84677     1.00449
          20     1.87242      1.0371
          20     1.89807      1.0705
          20     1.92372      1.0926
          20     1.94937     1.12015
          20     1.97502     1.16019
          20     2.00067     1.19879
          20     2.02632     1.19745
          20     2.05197     1.18612
          20     2.07762     1.19653
          20     2.10327     1.22278
          20     2.12892     1.15887
          20     2.15457     1.14075
          20     2.18022      1.1167
          20     2.20587     1.10206
          20     2.23152     1.06838
          20     2.25717      1.0534
          20     2.28282     1.05093
          20     2.30847     1.02204
          20     2.33412    0.996369
          20     2.35977    0.975644
          20     2.38542    0.960543
          20     2.41107    0.913345
          20     2.43672    0.925454
          20     2.46237     0.93341
          20     2.48802    0.915952
          20     2.51366    0.907822
          20     2.53931    0.911856

