#    BLOCK:   VELOCITY:    ACTUAL_POFV:
           1           0 6.48148e-05
           1    0.266667  0.00442593
           1    0.533333     0.02625
           1         0.8   0.0630463
           1     1.06667   0.0674907
           1     1.33333    0.109444
           1         1.6   0.0965556
           1     1.86667    0.103648
           1     2.13333   0.0974352
           1         2.4   0.0938889
           1     2.66667   0.0670648
           1     2.93333   0.0681296
           1         3.2   0.0379444
           1     3.46667   0.0425833
           1     3.73333   0.0506296
           1           4   0.0245833
           1     4.26667  0.00782407
           1     4.53333   0.0154815
           1         4.8     0.01125
           1     5.06667  0.00622222
           1     5.33333 0.000296296
           1         5.6 4.62963e-05
           1     5.86667 7.40741e-05
           1     6.13333  0.00465741
           1         6.4 0.000962963
           1     6.66667           0
           1     6.93333           0
           1         7.2           0
           1     7.46667           0
           1     7.73333           0

           2           0 2.77778e-05
           2    0.266667  0.00787037
           2    0.533333   0.0363796
           2         0.8       0.052
           2     1.06667   0.0636296
           2     1.33333    0.101944
           2         1.6    0.112037
           2     1.86667   0.0930556
           2     2.13333   0.0811944
           2         2.4    0.133389
           2     2.66667   0.0860185
           2     2.93333   0.0406667
           2         3.2   0.0408241
           2     3.46667   0.0329074
           2     3.73333   0.0381944
           2           4   0.0278796
           2     4.26667   0.0136759
           2     4.53333  0.00674074
           2         4.8   0.0119352
           2     5.06667   0.0123333
           2     5.33333 0.000518519
           2         5.6   0.0027037
           2     5.86667  0.00012963
           2     6.13333 1.85185e-05
           2         6.4 1.85185e-05
           2     6.66667 2.77778e-05
           2     6.93333      0.0035
           2         7.2  0.00037963
           2     7.46667           0
           2     7.73333           0

           3           0 0.000361111
           3    0.266667  0.00681481
           3    0.533333   0.0307037
           3         0.8   0.0571204
           3     1.06667   0.0531574
           3     1.33333   0.0725833
           3         1.6    0.108454
           3     1.86667    0.120769
           3     2.13333    0.137046
           3         2.4    0.105333
           3     2.66667    0.063287
           3     2.93333   0.0569167
           3         3.2   0.0443333
           3     3.46667   0.0534815
           3     3.73333   0.0263333
           3           4   0.0207315
           3     4.26667   0.0110278
           3     4.53333  0.00972222
           3         4.8  0.00741667
           3     5.06667  0.00551852
           3     5.33333 0.000851852
           3         5.6 1.85185e-05
           3     5.86667 1.85185e-05
           3     6.13333 9.25926e-06
           3         6.4 2.77778e-05
           3     6.66667 2.77778e-05
           3     6.93333  0.00638889
           3         7.2   0.0015463
           3     7.46667           0
           3     7.73333           0

           4           0 1.85185e-05
           4    0.266667  0.00611111
           4    0.533333   0.0323889
           4         0.8   0.0524815
           4     1.06667   0.0486111
           4     1.33333   0.0735741
           4         1.6    0.119426
           4     1.86667    0.111713
           4     2.13333    0.110667
           4         2.4   0.0864352
           4     2.66667   0.0895648
           4     2.93333   0.0534815
           4         3.2   0.0643241
           4     3.46667   0.0733519
           4     3.73333   0.0365741
           4           4   0.0128611
           4     4.26667  0.00515741
           4     4.53333  0.00264815
           4         4.8  0.00693519
           4     5.06667   0.0032037
           4     5.33333  0.00540741
           4         5.6  0.00325926
           4     5.86667  0.00180556
           4     6.13333           0
           4         6.4           0
           4     6.66667           0
           4     6.93333           0
           4         7.2           0
           4     7.46667           0
           4     7.73333           0

           5           0  0.00276852
           5    0.266667  0.00885185
           5    0.533333   0.0194907
           5         0.8   0.0503426
           5     1.06667   0.0631204
           5     1.33333    0.120417
           5         1.6    0.101667
           5     1.86667   0.0807037
           5     2.13333   0.0900463
           5         2.4   0.0840833
           5     2.66667   0.0921481
           5     2.93333    0.101194
           5         3.2   0.0641204
           5     3.46667   0.0402963
           5     3.73333   0.0207407
           5           4   0.0158704
           5     4.26667   0.0136667
           5     4.53333   0.0109537
           5         4.8  0.00734259
           5     5.06667  0.00087037
           5     5.33333   0.0020463
           5         5.6  0.00134259
           5     5.86667   0.0072037
           5     6.13333 0.000712963
           5         6.4           0
           5     6.66667           0
           5     6.93333           0
           5         7.2           0
           5     7.46667           0
           5     7.73333           0

           6           0   0.0012963
           6    0.266667   0.0155185
           6    0.533333   0.0197778
           6         0.8    0.061537
           6     1.06667   0.0994352
           6     1.33333    0.101352
           6         1.6    0.122435
           6     1.86667   0.0938426
           6     2.13333   0.0776852
           6         2.4       0.066
           6     2.66667   0.0603519
           6     2.93333   0.0746019
           6         3.2     0.04775
           6     3.46667   0.0271759
           6     3.73333   0.0402778
           6           4   0.0351019
           6     4.26667    0.015963
           6     4.53333   0.0188148
           6         4.8  0.00682407
           6     5.06667   0.0017037
           6     5.33333     0.00625
           6         5.6  0.00337037
           6     5.86667  0.00293519
           6     6.13333           0
           6         6.4           0
           6     6.66667           0
           6     6.93333           0
           6         7.2           0
           6     7.46667           0
           6     7.73333           0

           7           0  0.00150926
           7    0.266667  0.00596296
           7    0.533333   0.0195185
           7         0.8   0.0444815
           7     1.06667    0.096463
           7     1.33333    0.107111
           7         1.6     0.14112
           7     1.86667         0.1
           7     2.13333    0.108139
           7         2.4   0.0549167
           7     2.66667   0.0535833
           7     2.93333   0.0495648
           7         3.2   0.0317685
           7     3.46667   0.0512037
           7     3.73333   0.0326944
           7           4   0.0356574
           7     4.26667   0.0209444
           7     4.53333   0.0218426
           7         4.8  0.00643519
           7     5.06667  0.00962963
           7     5.33333  0.00691667
           7         5.6 0.000537037
           7     5.86667           0
           7     6.13333           0
           7         6.4           0
           7     6.66667           0
           7     6.93333           0
           7         7.2           0
           7     7.46667           0
           7     7.73333           0

           8           0   0.0012963
           8    0.266667  0.00787963
           8    0.533333   0.0310093
           8         0.8   0.0366019
           8     1.06667   0.0545926
           8     1.33333   0.0940093
           8         1.6    0.127398
           8     1.86667    0.113935
           8     2.13333   0.0892685
           8         2.4    0.105454
           8     2.66667   0.0865833
           8     2.93333   0.0488519
           8         3.2      0.0335
           8     3.46667   0.0498889
           8     3.73333   0.0362593
           8           4    0.034787
           8     4.26667   0.0174167
           8     4.53333   0.0147315
           8         4.8  0.00486111
           8     5.06667  0.00784259
           8     5.33333  0.00249074
           8         5.6 2.77778e-05
           8     5.86667  3.7037e-05
           8     6.13333  0.00127778
           8         6.4           0
           8     6.66667           0
           8     6.93333           0
           8         7.2           0
           8     7.46667           0
           8     7.73333           0

           9           0 0.000962963
           9    0.266667   0.0097037
           9    0.533333   0.0113519
           9         0.8   0.0553241
           9     1.06667   0.0663981
           9     1.33333    0.104537
           9         1.6   0.0916389
           9     1.86667    0.103759
           9     2.13333    0.112731
           9         2.4    0.101685
           9     2.66667   0.0647963
           9     2.93333   0.0759259
           9         3.2   0.0618333
           9     3.46667   0.0352315
           9     3.73333   0.0360278
           9           4   0.0238889
           9     4.26667   0.0114444
           9     4.53333  0.00968519
           9         4.8   0.0199444
           9     5.06667  0.00234259
           9     5.33333  3.7037e-05
           9         5.6  3.7037e-05
           9     5.86667 5.55556e-05
           9     6.13333 0.000657407
           9         6.4           0
           9     6.66667           0
           9     6.93333           0
           9         7.2           0
           9     7.46667           0
           9     7.73333           0

          10           0  3.7037e-05
          10    0.266667   0.0138704
          10    0.533333   0.0260463
          10         0.8   0.0696389
          10     1.06667   0.0692963
          10     1.33333   0.0615556
          10         1.6    0.107685
          10     1.86667   0.0889722
          10     2.13333    0.122194
          10         2.4   0.0923704
          10     2.66667   0.0618796
          10     2.93333   0.0688148
          10         3.2   0.0578796
          10     3.46667   0.0570926
          10     3.73333   0.0275926
          10           4   0.0366019
          10     4.26667   0.0267407
          10     4.53333  0.00824074
          10         4.8  0.00155556
          10     5.06667  0.00137037
          10     5.33333 0.000564815
          10         5.6           0
          10     5.86667           0
          10     6.13333           0
          10         6.4           0
          10     6.66667           0
          10     6.93333           0
          10         7.2           0
          10     7.46667           0
          10     7.73333           0

          11           0 5.55556e-05
          11    0.266667   0.0130278
          11    0.533333   0.0466204
          11         0.8   0.0519444
          11     1.06667        0.09
          11     1.33333   0.0733889
          11         1.6   0.0655185
          11     1.86667       0.113
          11     2.13333      0.0935
          11         2.4   0.0825093
          11     2.66667   0.0919907
          11     2.93333   0.0625093
          11         3.2   0.0582593
          11     3.46667   0.0421296
          11     3.73333   0.0398889
          11           4   0.0362037
          11     4.26667   0.0263333
          11     4.53333   0.0108333
          11         4.8  0.00152778
          11     5.06667 0.000333333
          11     5.33333 0.000425926
          11         5.6           0
          11     5.86667           0
          11     6.13333           0
          11         6.4           0
          11     6.66667           0
          11     6.93333           0
          11         7.2           0
          11     7.46667           0
          11     7.73333           0

          12           0 9.25926e-06
          12    0.266667   0.0177685
          12    0.533333   0.0446759
          12         0.8   0.0422593
          12     1.06667   0.0739815
          12     1.33333   0.0860185
          12         1.6   0.0708241
          12     1.86667      0.1275
          12     2.13333   0.0801019
          12         2.4    0.113204
          12     2.66667   0.0758056
          12     2.93333   0.0595926
          12         3.2    0.063213
          12     3.46667   0.0384352
          12     3.73333   0.0284444
          12           4   0.0388704
          12     4.26667   0.0121389
          12     4.53333   0.0125463
          12         4.8  0.00725926
          12     5.06667  0.00265741
          12     5.33333  0.00426852
          12         5.6 0.000425926
          12     5.86667           0
          12     6.13333           0
          12         6.4           0
          12     6.66667           0
          12     6.93333           0
          12         7.2           0
          12     7.46667           0
          12     7.73333           0

          13           0 0.000888889
          13    0.266667  0.00911111
          13    0.533333   0.0360648
          13         0.8    0.044213
          13     1.06667    0.075213
          13     1.33333   0.0725185
          13         1.6   0.0985185
          13     1.86667   0.0952778
          13     2.13333   0.0865556
          13         2.4    0.113528
          13     2.66667    0.121343
          13     2.93333   0.0728611
          13         3.2   0.0450926
          13     3.46667   0.0302963
          13     3.73333   0.0259074
          13           4   0.0208704
          13     4.26667   0.0185093
          13     4.53333   0.0224259
          13         4.8  0.00215741
          13     5.06667 2.77778e-05
          13     5.33333  0.00586111
          13         5.6  0.00242593
          13     5.86667 0.000333333
          13     6.13333           0
          13         6.4           0
          13     6.66667           0
          13     6.93333           0
          13         7.2           0
          13     7.46667           0
          13     7.73333           0

          14           0 0.000351852
          14    0.266667  0.00919444
          14    0.533333   0.0321296
          14         0.8   0.0605926
          14     1.06667   0.0628981
          14     1.33333    0.105509
          14         1.6   0.0897685
          14     1.86667   0.0928704
          14     2.13333   0.0795833
          14         2.4    0.101194
          14     2.66667     0.10162
          14     2.93333   0.0692685
          14         3.2   0.0290741
          14     3.46667       0.064
          14     3.73333   0.0447407
          14           4   0.0166111
          14     4.26667   0.0144352
          14     4.53333  0.00966667
          14         4.8  0.00748148
          14     5.06667   0.0059537
          14     5.33333       0.003
          14         5.6 5.55556e-05
          14     5.86667           0
          14     6.13333           0
          14         6.4           0
          14     6.66667           0
          14     6.93333           0
          14         7.2           0
          14     7.46667           0
          14     7.73333           0

          15           0   0.0014537
          15    0.266667  0.00677778
          15    0.533333   0.0162222
          15         0.8   0.0723981
          15     1.06667   0.0777685
          15     1.33333     0.10013
          15         1.6   0.0952593
          15     1.86667   0.0793611
          15     2.13333    0.094537
          15         2.4   0.0826759
          15     2.66667   0.0611944
          15     2.93333   0.0763796
          15         3.2   0.0761111
          15     3.46667   0.0779074
          15     3.73333   0.0264074
          15           4   0.0261296
          15     4.26667   0.0107407
          15     4.53333  0.00686111
          15         4.8  0.00491667
          15     5.06667  0.00489815
          15     5.33333  0.00187037
          15         5.6           0
          15     5.86667           0
          15     6.13333           0
          15         6.4           0
          15     6.66667           0
          15     6.93333           0
          15         7.2           0
          15     7.46667           0
          15     7.73333           0

          16           0 0.000453704
          16    0.266667   0.0126111
          16    0.533333   0.0368148
          16         0.8   0.0447963
          16     1.06667   0.0702685
          16     1.33333   0.0775926
          16         1.6   0.0913426
          16     1.86667    0.108713
          16     2.13333    0.110509
          16         2.4   0.0868519
          16     2.66667   0.0923981
          16     2.93333   0.0507222
          16         3.2   0.0646111
          16     3.46667   0.0474815
          16     3.73333   0.0322963
          16           4    0.031287
          16     4.26667       0.018
          16     4.53333   0.0153519
          16         4.8  0.00582407
          16     5.06667  0.00122222
          16     5.33333 0.000694444
          16         5.6 0.000157407
          16     5.86667           0
          16     6.13333           0
          16         6.4           0
          16     6.66667           0
          16     6.93333           0
          16         7.2           0
          16     7.46667           0
          16     7.73333           0

          17           0           0
          17    0.266667   0.0189352
          17    0.533333   0.0275278
          17         0.8   0.0521111
          17     1.06667   0.0518796
          17     1.33333   0.0646574
          17         1.6    0.103046
          17     1.86667    0.120472
          17     2.13333   0.0945556
          17         2.4    0.105361
          17     2.66667   0.0727222
          17     2.93333   0.0878611
          17         3.2   0.0523611
          17     3.46667     0.04775
          17     3.73333   0.0587685
          17           4   0.0145648
          17     4.26667  0.00514815
          17     4.53333  0.00473148
          17         4.8   0.0138056
          17     5.06667  0.00374074
          17     5.33333           0
          17         5.6           0
          17     5.86667           0
          17     6.13333           0
          17         6.4           0
          17     6.66667           0
          17     6.93333           0
          17         7.2           0
          17     7.46667           0
          17     7.73333           0

          18           0 4.62963e-05
          18    0.266667   0.0164259
          18    0.533333   0.0225833
          18         0.8   0.0543796
          18     1.06667   0.0637685
          18     1.33333   0.0905648
          18         1.6    0.102343
          18     1.86667    0.107972
          18     2.13333   0.0902593
          18         2.4   0.0789722
          18     2.66667   0.0837222
          18     2.93333   0.0608889
          18         3.2   0.0718611
          18     3.46667   0.0582778
          18     3.73333     0.04375
          18           4   0.0092037
          18     4.26667   0.0149444
          18     4.53333   0.0126574
          18         4.8   0.0122037
          18     5.06667  0.00392593
          18     5.33333     0.00125
          18         5.6           0
          18     5.86667           0
          18     6.13333           0
          18         6.4           0
          18     6.66667           0
          18     6.93333           0
          18         7.2           0
          18     7.46667           0
          18     7.73333           0

          19           0 2.77778e-05
          19    0.266667    0.021537
          19    0.533333   0.0620741
          19         0.8   0.0498148
          19     1.06667   0.0489259
          19     1.33333    0.104444
          19         1.6    0.088537
          19     1.86667    0.107861
          19     2.13333   0.0738148
          19         2.4   0.0853148
          19     2.66667   0.0665833
          19     2.93333   0.0734074
          19         3.2   0.0519352
          19     3.46667   0.0497593
          19     3.73333   0.0449074
          19           4   0.0163241
          19     4.26667   0.0282315
          19     4.53333   0.0148981
          19         4.8  0.00234259
          19     5.06667  0.00751852
          19     5.33333  0.00174074
          19         5.6           0
          19     5.86667           0
          19     6.13333           0
          19         6.4           0
          19     6.66667           0
          19     6.93333           0
          19         7.2           0
          19     7.46667           0
          19     7.73333           0

          20           0 0.000925926
          20    0.266667   0.0184167
          20    0.533333   0.0493426
          20         0.8   0.0462037
          20     1.06667   0.0610463
          20     1.33333   0.0951111
          20         1.6    0.136972
          20     1.86667    0.104833
          20     2.13333   0.0573889
          20         2.4   0.0795648
          20     2.66667   0.0829722
          20     2.93333   0.0479444
          20         3.2   0.0661389
          20     3.46667   0.0358056
          20     3.73333   0.0255185
          20           4   0.0333889
          20     4.26667   0.0226481
          20     4.53333   0.0184722
          20         4.8  0.00982407
          20     5.06667   0.0045463
          20     5.33333  0.00199074
          20         5.6 0.000944444
          20     5.86667           0
          20     6.13333           0
          20         6.4           0
          20     6.66667           0
          20     6.93333           0
          20         7.2           0
          20     7.46667           0
          20     7.73333           0

          21           0  0.00112037
          21    0.266667   0.0275648
          21    0.533333   0.0413519
          21         0.8      0.0425
          21     1.06667   0.0768796
          21     1.33333   0.0895741
          21         1.6    0.114759
          21     1.86667   0.0954074
          21     2.13333   0.0897685
          21         2.4   0.0712593
          21     2.66667   0.0719352
          21     2.93333   0.0531759
          21         3.2   0.0436019
          21     3.46667   0.0582963
          21     3.73333       0.047
          21           4      0.0225
          21     4.26667   0.0206111
          21     4.53333   0.0138241
          21         4.8  0.00755556
          21     5.06667  0.00481481
          21     5.33333      0.0065
          21         5.6           0
          21     5.86667           0
          21     6.13333           0
          21         6.4           0
          21     6.66667           0
          21     6.93333           0
          21         7.2           0
          21     7.46667           0
          21     7.73333           0

          22           0  0.00346296
          22    0.266667   0.0161667
          22    0.533333   0.0220833
          22         0.8   0.0437315
          22     1.06667   0.0590463
          22     1.33333   0.0911852
          22         1.6       0.099
          22     1.86667   0.0991852
          22     2.13333    0.135278
          22         2.4   0.0891667
          22     2.66667    0.079037
          22     2.93333     0.05475
          22         3.2   0.0748704
          22     3.46667   0.0295648
          22     3.73333   0.0348056
          22           4    0.018463
          22     4.26667  0.00676852
          22     4.53333   0.0134074
          22         4.8   0.0196574
          22     5.06667  0.00809259
          22     5.33333 0.000648148
          22         5.6  0.00087963
          22     5.86667     0.00075
          22     6.13333           0
          22         6.4           0
          22     6.66667           0
          22     6.93333           0
          22         7.2           0
          22     7.46667           0
          22     7.73333           0

          23           0 0.000314815
          23    0.266667   0.0103333
          23    0.533333   0.0209815
          23         0.8   0.0421667
          23     1.06667   0.0487222
          23     1.33333   0.0784444
          23         1.6    0.125157
          23     1.86667    0.110019
          23     2.13333    0.145981
          23         2.4   0.0817778
          23     2.66667   0.0910093
          23     2.93333   0.0506389
          23         3.2    0.048287
          23     3.46667    0.050787
          23     3.73333   0.0325648
          23           4  0.00928704
          23     4.26667   0.0145093
          23     4.53333   0.0183704
          23         4.8  0.00899074
          23     5.06667   0.0080463
          23     5.33333  0.00314815
          23         5.6 0.000462963
          23     5.86667           0
          23     6.13333           0
          23         6.4           0
          23     6.66667           0
          23     6.93333           0
          23         7.2           0
          23     7.46667           0
          23     7.73333           0

          24           0 0.000111111
          24    0.266667    0.014537
          24    0.533333   0.0289907
          24         0.8   0.0391852
          24     1.06667   0.0596481
          24     1.33333   0.0876852
          24         1.6    0.104972
          24     1.86667    0.112731
          24     2.13333    0.119769
          24         2.4   0.0900463
          24     2.66667   0.0677315
          24     2.93333   0.0755185
          24         3.2   0.0569722
          24     3.46667   0.0454537
          24     3.73333     0.03225
          24           4   0.0108796
          24     4.26667   0.0156574
          24     4.53333   0.0184444
          24         4.8   0.0118426
          24     5.06667  0.00675926
          24     5.33333 0.000814815
          24         5.6           0
          24     5.86667           0
          24     6.13333           0
          24         6.4           0
          24     6.66667           0
          24     6.93333           0
          24         7.2           0
          24     7.46667           0
          24     7.73333           0

          25           0  0.00306481
          25    0.266667   0.0161667
          25    0.533333   0.0210556
          25         0.8    0.054213
          25     1.06667   0.0666389
          25     1.33333   0.0919444
          25         1.6    0.104917
          25     1.86667   0.0869167
          25     2.13333   0.0795463
          25         2.4    0.104935
          25     2.66667   0.0706667
          25     2.93333   0.0982778
          25         3.2   0.0547407
          25     3.46667   0.0475833
          25     3.73333   0.0423704
          25           4   0.0277315
          25     4.26667     0.00475
          25     4.53333  0.00966667
          25         4.8    0.010213
          25     5.06667  0.00384259
          25     5.33333 0.000759259
          25         5.6           0
          25     5.86667           0
          25     6.13333           0
          25         6.4           0
          25     6.66667           0
          25     6.93333           0
          25         7.2           0
          25     7.46667           0
          25     7.73333           0

          26           0  0.00823148
          26    0.266667   0.0150556
          26    0.533333   0.0291667
          26         0.8   0.0430278
          26     1.06667    0.055537
          26     1.33333   0.0977222
          26         1.6    0.123204
          26     1.86667   0.0760926
          26     2.13333    0.075037
          26         2.4    0.094713
          26     2.66667   0.0693333
          26     2.93333   0.0975741
          26         3.2   0.0832222
          26     3.46667   0.0463519
          26     3.73333   0.0192685
          26           4   0.0317593
          26     4.26667  0.00486111
          26     4.53333   0.0206759
          26         4.8  0.00260185
          26     5.06667  0.00364815
          26     5.33333  0.00188889
          26         5.6  0.00102778
          26     5.86667           0
          26     6.13333           0
          26         6.4           0
          26     6.66667           0
          26     6.93333           0
          26         7.2           0
          26     7.46667           0
          26     7.73333           0

          27           0  0.00203704
          27    0.266667  0.00981481
          27    0.533333   0.0331389
          27         0.8   0.0688519
          27     1.06667   0.0796852
          27     1.33333   0.0947685
          27         1.6   0.0936019
          27     1.86667   0.0760185
          27     2.13333   0.0895926
          27         2.4    0.102481
          27     2.66667    0.105426
          27     2.93333   0.0484537
          27         3.2   0.0456574
          27     3.46667   0.0574352
          27     3.73333   0.0189352
          27           4   0.0261481
          27     4.26667  0.00219444
          27     4.53333   0.0150833
          27         4.8   0.0128704
          27     5.06667  0.00458333
          27     5.33333  0.00376852
          27         5.6  0.00809259
          27     5.86667 0.000787037
          27     6.13333 0.000574074
          27         6.4           0
          27     6.66667           0
          27     6.93333           0
          27         7.2           0
          27     7.46667           0
          27     7.73333           0

          28           0   0.0042037
          28    0.266667   0.0121944
          28    0.533333   0.0191944
          28         0.8   0.0452222
          28     1.06667   0.0646481
          28     1.33333   0.0998056
          28         1.6   0.0934167
          28     1.86667   0.0856481
          28     2.13333     0.10375
          28         2.4   0.0950278
          28     2.66667   0.0955185
          28     2.93333   0.0716204
          28         3.2   0.0613148
          28     3.46667   0.0723981
          28     3.73333       0.027
          28           4    0.029713
          28     4.26667  0.00312037
          28     4.53333  0.00386111
          28         4.8  0.00374074
          28     5.06667  0.00136111
          28     5.33333  0.00417593
          28         5.6  0.00137037
          28     5.86667  0.00116667
          28     6.13333 0.000527778
          28         6.4           0
          28     6.66667           0
          28     6.93333           0
          28         7.2           0
          28     7.46667           0
          28     7.73333           0

          29           0  0.00233333
          29    0.266667    0.023537
          29    0.533333   0.0161019
          29         0.8   0.0546296
          29     1.06667   0.0667222
          29     1.33333   0.0926111
          29         1.6    0.102907
          29     1.86667   0.0989167
          29     2.13333   0.0960741
          29         2.4       0.082
          29     2.66667   0.0973519
          29     2.93333   0.0783889
          29         3.2   0.0626574
          29     3.46667   0.0486944
          29     3.73333   0.0202963
          29           4   0.0264907
          29     4.26667   0.0114259
          29     4.53333  0.00301852
          29         4.8   0.0012963
          29     5.06667  0.00012037
          29     5.33333  0.00131481
          29         5.6 7.40741e-05
          29     5.86667  0.00582407
          29     6.13333  0.00721296
          29         6.4           0
          29     6.66667           0
          29     6.93333           0
          29         7.2           0
          29     7.46667           0
          29     7.73333           0

          30           0 0.000444444
          30    0.266667   0.0228333
          30    0.533333   0.0288426
          30         0.8   0.0437685
          30     1.06667   0.0875278
          30     1.33333   0.0731111
          30         1.6     0.12938
          30     1.86667   0.0865741
          30     2.13333   0.0801759
          30         2.4   0.0975463
          30     2.66667   0.0782315
          30     2.93333   0.0613611
          30         3.2   0.0469722
          30     3.46667   0.0690833
          30     3.73333   0.0417037
          30           4   0.0129815
          30     4.26667   0.0193704
          30     4.53333  0.00509259
          30         4.8  0.00360185
          30     5.06667  0.00213889
          30     5.33333           0
          30         5.6           0
          30     5.86667  0.00153704
          30     6.13333  0.00586111
          30         6.4  0.00186111
          30     6.66667           0
          30     6.93333           0
          30         7.2           0
          30     7.46667           0
          30     7.73333           0

          31           0 7.40741e-05
          31    0.266667  0.00543519
          31    0.533333    0.033463
          31         0.8   0.0417778
          31     1.06667   0.0566389
          31     1.33333   0.0885278
          31         1.6    0.137843
          31     1.86667   0.0972593
          31     2.13333   0.0733889
          31         2.4     0.09825
          31     2.66667    0.100472
          31     2.93333   0.0767963
          31         3.2   0.0654907
          31     3.46667   0.0521111
          31     3.73333   0.0288981
          31           4   0.0145463
          31     4.26667  0.00927778
          31     4.53333  0.00333333
          31         4.8  0.00332407
          31     5.06667  0.00107407
          31     5.33333       0.004
          31         5.6 0.000240741
          31     5.86667 8.33333e-05
          31     6.13333 7.40741e-05
          31         6.4 0.000657407
          31     6.66667  0.00193519
          31     6.93333  0.00486111
          31         7.2 0.000166667
          31     7.46667           0
          31     7.73333           0

          32           0 0.000777778
          32    0.266667  0.00562037
          32    0.533333   0.0489907
          32         0.8   0.0528426
          32     1.06667   0.0523981
          32     1.33333   0.0894815
          32         1.6   0.0836667
          32     1.86667    0.106037
          32     2.13333    0.114065
          32         2.4   0.0986852
          32     2.66667   0.0718426
          32     2.93333   0.0827778
          32         3.2   0.0697778
          32     3.46667   0.0547778
          32     3.73333    0.033037
          32           4   0.0168796
          32     4.26667 0.000305556
          32     4.53333  0.00873148
          32         4.8 2.77778e-05
          32     5.06667 1.85185e-05
          32     5.33333 2.77778e-05
          32         5.6 2.77778e-05
          32     5.86667 1.85185e-05
          32     6.13333 1.85185e-05
          32         6.4 2.77778e-05
          32     6.66667  3.7037e-05
          32     6.93333  0.00199074
          32         7.2  0.00111111
          32     7.46667  0.00533333
          32     7.73333 0.000666667

          33           0   0.0040463
          33    0.266667   0.0123426
          33    0.533333   0.0323611
          33         0.8   0.0674167
          33     1.06667   0.0638889
          33     1.33333   0.0876019
          33         1.6   0.0740278
          33     1.86667    0.130472
          33     2.13333     0.11012
          33         2.4   0.0739259
          33     2.66667   0.0687685
          33     2.93333       0.077
          33         3.2   0.0711667
          33     3.46667   0.0609167
          33     3.73333   0.0235093
          33           4   0.0128519
          33     4.26667  0.00593519
          33     4.53333   0.0101852
          33         4.8  0.00241667
          33     5.06667 0.000277778
          33     5.33333  0.00122222
          33         5.6 0.000287037
          33     5.86667           0
          33     6.13333           0
          33         6.4           0
          33     6.66667           0
          33     6.93333           0
          33         7.2  0.00585185
          33     7.46667 0.000305556
          33     7.73333  0.00310185

          34           0  0.00784259
          34    0.266667   0.0187593
          34    0.533333   0.0317407
          34         0.8   0.0628241
          34     1.06667   0.0765278
          34     1.33333   0.0989815
          34         1.6   0.0792037
          34     1.86667   0.0785093
          34     2.13333   0.0989907
          34         2.4   0.0817778
          34     2.66667    0.100185
          34     2.93333   0.0619259
          34         3.2     0.05475
          34     3.46667   0.0515833
          34     3.73333    0.036213
          34           4   0.0264352
          34     4.26667   0.0100833
          34     4.53333  0.00666667
          34         4.8  0.00271296
          34     5.06667  0.00264815
          34     5.33333  0.00262963
          34         5.6  0.00117593
          34     5.86667 0.000194444
          34     6.13333  0.00506481
          34         6.4  0.00114815
          34     6.66667 0.000851852
          34     6.93333 1.85185e-05
          34         7.2 1.85185e-05
          34     7.46667 4.62963e-05
          34     7.73333 0.000490741

          35           0  0.00449074
          35    0.266667    0.017463
          35    0.533333   0.0261574
          35         0.8   0.0383148
          35     1.06667    0.104241
          35     1.33333    0.119926
          35         1.6   0.0889074
          35     1.86667   0.0547778
          35     2.13333   0.0990463
          35         2.4   0.0761019
          35     2.66667   0.0811481
          35     2.93333    0.096787
          35         3.2   0.0434537
          35     3.46667   0.0446667
          35     3.73333   0.0395648
          35           4   0.0180278
          35     4.26667   0.0131481
          35     4.53333   0.0169444
          35         4.8  0.00614815
          35     5.06667  0.00369444
          35     5.33333  0.00544444
          35         5.6   0.0015463
          35     5.86667           0
          35     6.13333           0
          35         6.4           0
          35     6.66667           0
          35     6.93333           0
          35         7.2           0
          35     7.46667           0
          35     7.73333           0

          36           0  0.00239815
          36    0.266667   0.0118796
          36    0.533333   0.0491389
          36         0.8   0.0472963
          36     1.06667    0.102019
          36     1.33333   0.0971759
          36         1.6   0.0705556
          36     1.86667   0.0899352
          36     2.13333    0.113426
          36         2.4   0.0661759
          36     2.66667   0.0726944
          36     2.93333   0.0487315
          36         3.2   0.0602778
          36     3.46667   0.0614167
          36     3.73333   0.0279537
          36           4   0.0384815
          36     4.26667   0.0150463
          36     4.53333   0.0105463
          36         4.8  0.00252778
          36     5.06667  0.00993519
          36     5.33333     0.00225
          36         5.6 0.000138889
          36     5.86667           0
          36     6.13333           0
          36         6.4           0
          36     6.66667           0
          36     6.93333           0
          36         7.2           0
          36     7.46667           0
          36     7.73333           0

          37           0   0.0105833
          37    0.266667   0.0356481
          37    0.533333   0.0331667
          37         0.8   0.0330463
          37     1.06667   0.0732685
          37     1.33333   0.0856574
          37         1.6   0.0721111
          37     1.86667   0.0878148
          37     2.13333    0.109787
          37         2.4   0.0916759
          37     2.66667   0.0891296
          37     2.93333   0.0731111
          37         3.2   0.0557963
          37     3.46667   0.0540926
          37     3.73333   0.0291574
          37           4   0.0255833
          37     4.26667  0.00678704
          37     4.53333   0.0130648
          37         4.8   0.0171481
          37     5.06667  0.00337037
          37     5.33333           0
          37         5.6           0
          37     5.86667           0
          37     6.13333           0
          37         6.4           0
          37     6.66667           0
          37     6.93333           0
          37         7.2           0
          37     7.46667           0
          37     7.73333           0

          38           0  0.00012037
          38    0.266667       0.017
          38    0.533333   0.0354352
          38         0.8   0.0551296
          38     1.06667   0.0603981
          38     1.33333   0.0839907
          38         1.6   0.0951296
          38     1.86667   0.0993333
          38     2.13333    0.109824
          38         2.4   0.0851204
          38     2.66667   0.0941852
          38     2.93333   0.0764167
          38         3.2   0.0590926
          38     3.46667   0.0328796
          38     3.73333       0.025
          38           4   0.0231204
          38     4.26667    0.023463
          38     4.53333  0.00555556
          38         4.8  0.00448148
          38     5.06667  0.00564815
          38     5.33333  0.00712963
          38         5.6   0.0015463
          38     5.86667           0
          38     6.13333           0
          38         6.4           0
          38     6.66667           0
          38     6.93333           0
          38         7.2           0
          38     7.46667           0
          38     7.73333           0

          39           0  0.00133333
          39    0.266667   0.0042037
          39    0.533333   0.0282685
          39         0.8   0.0495926
          39     1.06667    0.082287
          39     1.33333   0.0991852
          39         1.6   0.0908981
          39     1.86667   0.0965278
          39     2.13333     0.12937
          39         2.4   0.0979259
          39     2.66667   0.0541296
          39     2.93333   0.0603611
          39         3.2   0.0536944
          39     3.46667   0.0447037
          39     3.73333   0.0303426
          39           4   0.0210463
          39     4.26667   0.0284907
          39     4.53333   0.0106667
          39         4.8  0.00531481
          39     5.06667  0.00740741
          39     5.33333  0.00380556
          39         5.6 0.000444444
          39     5.86667           0
          39     6.13333           0
          39         6.4           0
          39     6.66667           0
          39     6.93333           0
          39         7.2           0
          39     7.46667           0
          39     7.73333           0

          40           0   0.0015463
          40    0.266667    0.010463
          40    0.533333   0.0310926
          40         0.8   0.0466111
          40     1.06667   0.0677963
          40     1.33333   0.0707037
          40         1.6   0.0770741
          40     1.86667    0.119519
          40     2.13333    0.115954
          40         2.4   0.0893704
          40     2.66667   0.0730463
          40     2.93333   0.0857778
          40         3.2    0.075963
          40     3.46667   0.0644444
          40     3.73333   0.0246204
          40           4   0.0108796
          40     4.26667  0.00671296
          40     4.53333   0.0108056
          40         4.8   0.0104074
          40     5.06667   0.0062963
          40     5.33333 0.000916667
          40         5.6           0
          40     5.86667           0
          40     6.13333           0
          40         6.4           0
          40     6.66667           0
          40     6.93333           0
          40         7.2           0
          40     7.46667           0
          40     7.73333           0

          41           0  0.00108333
          41    0.266667  0.00980556
          41    0.533333   0.0163241
          41         0.8   0.0336667
          41     1.06667   0.0565093
          41     1.33333    0.084537
          41         1.6    0.104352
          41     1.86667    0.121037
          41     2.13333   0.0812593
          41         2.4   0.0976852
          41     2.66667    0.114157
          41     2.93333   0.0998333
          41         3.2   0.0565833
          41     3.46667   0.0498704
          41     3.73333   0.0336481
          41           4   0.0094537
          41     4.26667  0.00677778
          41     4.53333   0.0101296
          41         4.8  0.00924074
          41     5.06667  0.00187963
          41     5.33333  0.00216667
          41         5.6           0
          41     5.86667           0
          41     6.13333           0
          41         6.4           0
          41     6.66667           0
          41     6.93333           0
          41         7.2           0
          41     7.46667           0
          41     7.73333           0

          42           0  0.00539815
          42    0.266667   0.0116574
          42    0.533333   0.0203241
          42         0.8   0.0391019
          42     1.06667   0.0429352
          42     1.33333   0.0709074
          42         1.6    0.110259
          42     1.86667   0.0934444
          42     2.13333    0.117083
          42         2.4       0.079
          42     2.66667    0.142472
          42     2.93333    0.117269
          42         3.2   0.0457037
          42     3.46667    0.038787
          42     3.73333   0.0167963
          42           4   0.0176296
          42     4.26667  0.00710185
          42     4.53333   0.0141574
          42         4.8  0.00710185
          42     5.06667  0.00125926
          42     5.33333  0.00130556
          42         5.6 0.000305556
          42     5.86667           0
          42     6.13333           0
          42         6.4           0
          42     6.66667           0
          42     6.93333           0
          42         7.2           0
          42     7.46667           0
          42     7.73333           0

          43           0  0.00935185
          43    0.266667  0.00880556
          43    0.533333   0.0114074
          43         0.8   0.0356481
          43     1.06667   0.0372778
          43     1.33333   0.0990926
          43         1.6   0.0905463
          43     1.86667     0.10363
          43     2.13333      0.1415
          43         2.4   0.0904722
          43     2.66667    0.111352
          43     2.93333     0.10362
          43         3.2   0.0493611
          43     3.46667   0.0329907
          43     3.73333   0.0343611
          43           4   0.0145648
          43     4.26667   0.0128333
          43     4.53333  0.00368519
          43         4.8 0.000240741
          43     5.06667  0.00831481
          43     5.33333 0.000944444
          43         5.6           0
          43     5.86667           0
          43     6.13333           0
          43         6.4           0
          43     6.66667           0
          43     6.93333           0
          43         7.2           0
          43     7.46667           0
          43     7.73333           0

          44           0  0.00184259
          44    0.266667  0.00393519
          44    0.533333   0.0223611
          44         0.8     0.03275
          44     1.06667   0.0607778
          44     1.33333        0.07
          44         1.6   0.0953611
          44     1.86667    0.110019
          44     2.13333       0.108
          44         2.4    0.155796
          44     2.66667    0.109769
          44     2.93333   0.0760556
          44         3.2   0.0386019
          44     3.46667   0.0441296
          44     3.73333   0.0178148
          44           4   0.0115556
          44     4.26667   0.0128148
          44     4.53333   0.0167778
          44         4.8  0.00500926
          44     5.06667  0.00631481
          44     5.33333 0.000314815
          44         5.6           0
          44     5.86667           0
          44     6.13333           0
          44         6.4           0
          44     6.66667           0
          44     6.93333           0
          44         7.2           0
          44     7.46667           0
          44     7.73333           0

          45           0 0.000842593
          45    0.266667  0.00806481
          45    0.533333   0.0251852
          45         0.8   0.0366204
          45     1.06667      0.0605
          45     1.33333   0.0878148
          45         1.6    0.108287
          45     1.86667    0.102417
          45     2.13333    0.140389
          45         2.4    0.101806
          45     2.66667   0.0754259
          45     2.93333   0.0713426
          45         3.2   0.0604815
          45     3.46667   0.0351852
          45     3.73333  0.00962037
          45           4    0.029713
          45     4.26667      0.0105
          45     4.53333   0.0121204
          45         4.8   0.0213519
          45     5.06667  0.00139815
          45     5.33333 0.000935185
          45         5.6           0
          45     5.86667           0
          45     6.13333           0
          45         6.4           0
          45     6.66667           0
          45     6.93333           0
          45         7.2           0
          45     7.46667           0
          45     7.73333           0

          46           0 6.48148e-05
          46    0.266667   0.0103519
          46    0.533333   0.0376111
          46         0.8   0.0415741
          46     1.06667   0.0715556
          46     1.33333    0.108954
          46         1.6   0.0886296
          46     1.86667   0.0979352
          46     2.13333    0.112722
          46         2.4   0.0981852
          46     2.66667   0.0658519
          46     2.93333   0.0676759
          46         3.2    0.048287
          46     3.46667   0.0561296
          46     3.73333   0.0194722
          46           4   0.0308889
          46     4.26667   0.0131759
          46     4.53333  0.00749074
          46         4.8   0.0123148
          46     5.06667  0.00393519
          46     5.33333  0.00262037
          46         5.6  0.00183333
          46     5.86667  0.00232407
          46     6.13333 0.000416667
          46         6.4           0
          46     6.66667           0
          46     6.93333           0
          46         7.2           0
          46     7.46667           0
          46     7.73333           0

          47           0  0.00153704
          47    0.266667   0.0118519
          47    0.533333   0.0350648
          47         0.8   0.0618333
          47     1.06667   0.0867315
          47     1.33333   0.0783519
          47         1.6   0.0883333
          47     1.86667    0.114352
          47     2.13333   0.0940648
          47         2.4    0.105741
          47     2.66667   0.0755741
          47     2.93333   0.0536389
          47         3.2   0.0396667
          47     3.46667   0.0443796
          47     3.73333    0.024287
          47           4    0.043787
          47     4.26667  0.00840741
          47     4.53333  0.00788889
          47         4.8   0.0069537
          47     5.06667  0.00236111
          47     5.33333  0.00992593
          47         5.6  0.00522222
          47     5.86667 4.62963e-05
          47     6.13333           0
          47         6.4           0
          47     6.66667           0
          47     6.93333           0
          47         7.2           0
          47     7.46667           0
          47     7.73333           0

          48           0  0.00358333
          48    0.266667   0.0109074
          48    0.533333    0.033787
          48         0.8   0.0507963
          48     1.06667   0.0769722
          48     1.33333   0.0635463
          48         1.6    0.114519
          48     1.86667    0.121917
          48     2.13333    0.105528
          48         2.4   0.0822407
          48     2.66667   0.0691667
          48     2.93333   0.0510741
          48         3.2   0.0644907
          48     3.46667   0.0284444
          48     3.73333   0.0370463
          48           4   0.0315185
          48     4.26667   0.0288519
          48     4.53333   0.0133333
          48         4.8  0.00926852
          48     5.06667  0.00165741
          48     5.33333  0.00135185
          48         5.6           0
          48     5.86667           0
          48     6.13333           0
          48         6.4           0
          48     6.66667           0
          48     6.93333           0
          48         7.2           0
          48     7.46667           0
          48     7.73333           0

          49           0           0
          49    0.266667  0.00166667
          49    0.533333   0.0268611
          49         0.8   0.0468704
          49     1.06667   0.0748704
          49     1.33333     0.12238
          49         1.6      0.1105
          49     1.86667    0.104194
          49     2.13333   0.0922222
          49         2.4   0.0694352
          49     2.66667    0.065963
          49     2.93333   0.0728981
          49         3.2   0.0405278
          49     3.46667   0.0454444
          49     3.73333   0.0238333
          49           4    0.051213
          49     4.26667   0.0216296
          49     4.53333   0.0208333
          49         4.8  0.00740741
          49     5.06667       0.001
          49     5.33333 0.000185185
          49         5.6 6.48148e-05
          49     5.86667           0
          49     6.13333           0
          49         6.4           0
          49     6.66667           0
          49     6.93333           0
          49         7.2           0
          49     7.46667           0
          49     7.73333           0

          50           0 0.000601852
          50    0.266667  0.00884259
          50    0.533333   0.0182407
          50         0.8    0.050213
          50     1.06667   0.0744352
          50     1.33333   0.0913519
          50         1.6    0.110111
          50     1.86667    0.108491
          50     2.13333    0.093463
          50         2.4     0.08475
          50     2.66667   0.0738981
          50     2.93333   0.0872963
          50         3.2   0.0348426
          50     3.46667   0.0681111
          50     3.73333   0.0222037
          50           4   0.0276389
          50     4.26667  0.00612037
          50     4.53333   0.0261019
          50         4.8  0.00232407
          50     5.06667    0.010963
          50     5.33333           0
          50         5.6           0
          50     5.86667           0
          50     6.13333           0
          50         6.4           0
          50     6.66667           0
          50     6.93333           0
          50         7.2           0
          50     7.46667           0
          50     7.73333           0

