#    BLOCK:   VELOCITY:    ACTUAL_POFV:
           1           0  0.00175926
           1    0.333333  0.00801389
           1    0.666667   0.0187593
           1           1   0.0584815
           1     1.33333   0.0811898
           1     1.66667    0.109898
           1           2    0.147278
           1     2.33333    0.125176
           1     2.66667    0.134523
           1           3   0.0977269
           1     3.33333   0.0785046
           1     3.66667   0.0451898
           1           4   0.0433426
           1     4.33333   0.0262454
           1     4.66667   0.0092963
           1           5  0.00281481
           1     5.33333 0.000101852
           1     5.66667  0.00232407
           1           6  0.00361574
           1     6.33333 9.25926e-06
           1     6.66667 9.25926e-06
           1           7  0.00211111
           1     7.33333  0.00362963
           1     7.66667           0
           1           8           0
           1     8.33333           0
           1     8.66667           0
           1           9           0
           1     9.33333           0
           1     9.66667           0

           2           0  0.00148148
           2    0.333333  0.00898611
           2    0.666667   0.0233565
           2           1   0.0476111
           2     1.33333    0.125079
           2     1.66667    0.100861
           2           2    0.105745
           2     2.33333    0.120972
           2     2.66667   0.0793519
           2           3   0.0972037
           2     3.33333    0.127088
           2     3.66667    0.061625
           2           4   0.0514954
           2     4.33333   0.0241991
           2     4.66667   0.0181157
           2           5   0.0063287
           2     5.33333      0.0005
           2     5.66667           0
           2           6           0
           2     6.33333           0
           2     6.66667           0
           2           7           0
           2     7.33333           0
           2     7.66667           0
           2           8           0
           2     8.33333           0
           2     8.66667           0
           2           9           0
           2     9.33333           0
           2     9.66667           0

           3           0 0.000407407
           3    0.333333  0.00840278
           3    0.666667   0.0178009
           3           1   0.0591898
           3     1.33333    0.101542
           3     1.66667     0.12038
           3           2    0.120273
           3     2.33333    0.118287
           3     2.66667    0.117074
           3           3    0.111051
           3     3.33333    0.076338
           3     3.66667   0.0587593
           3           4   0.0250463
           3     4.33333   0.0163981
           3     4.66667   0.0255602
           3           5  0.00906944
           3     5.33333  0.00455556
           3     5.66667  0.00675926
           3           6  0.00114815
           3     6.33333 0.000671296
           3     6.66667  3.7037e-05
           3           7 0.000782407
           3     7.33333 0.000467593
           3     7.66667           0
           3           8           0
           3     8.33333           0
           3     8.66667           0
           3           9           0
           3     9.33333           0
           3     9.66667           0

           4           0  0.00262037
           4    0.333333   0.0174028
           4    0.666667   0.0369259
           4           1   0.0718704
           4     1.33333   0.0736111
           4     1.66667    0.124069
           4           2   0.0991944
           4     2.33333    0.115287
           4     2.66667     0.13556
           4           3   0.0969583
           4     3.33333   0.0698241
           4     3.66667   0.0495463
           4           4   0.0270139
           4     4.33333   0.0287037
           4     4.66667   0.0140185
           4           5   0.0225046
           4     5.33333  0.00645833
           4     5.66667 0.000111111
           4           6  0.00498148
           4     6.33333  0.00333796
           4     6.66667           0
           4           7           0
           4     7.33333           0
           4     7.66667           0
           4           8           0
           4     8.33333           0
           4     8.66667           0
           4           9           0
           4     9.33333           0
           4     9.66667           0

           5           0  0.00174537
           5    0.333333  0.00637963
           5    0.666667   0.0412546
           5           1   0.0791528
           5     1.33333   0.0798102
           5     1.66667    0.100245
           5           2    0.113796
           5     2.33333    0.117838
           5     2.66667    0.113537
           5           3    0.109153
           5     3.33333   0.0646111
           5     3.66667   0.0592778
           5           4    0.027838
           5     4.33333   0.0327639
           5     4.66667   0.0311389
           5           5   0.0148565
           5     5.33333  0.00581019
           5     5.66667 0.000791667
           5           6           0
           5     6.33333           0
           5     6.66667           0
           5           7           0
           5     7.33333           0
           5     7.66667           0
           5           8           0
           5     8.33333           0
           5     8.66667           0
           5           9           0
           5     9.33333           0
           5     9.66667           0

           6           0 0.000333333
           6    0.333333   0.0122546
           6    0.666667   0.0533565
           6           1   0.0727917
           6     1.33333   0.0600741
           6     1.66667   0.0772824
           6           2    0.147273
           6     2.33333      0.1115
           6     2.66667    0.105458
           6           3    0.109759
           6     3.33333   0.0910556
           6     3.66667   0.0578426
           6           4   0.0493426
           6     4.33333   0.0213519
           6     4.66667  0.00632407
           6           5  0.00894907
           6     5.33333  0.00474074
           6     5.66667   0.0092037
           6           6  0.00110648
           6     6.33333           0
           6     6.66667           0
           6           7           0
           6     7.33333           0
           6     7.66667           0
           6           8           0
           6     8.33333           0
           6     8.66667           0
           6           9           0
           6     9.33333           0
           6     9.66667           0

           7           0  0.00767593
           7    0.333333  0.00944444
           7    0.666667   0.0313194
           7           1   0.0552824
           7     1.33333   0.0666806
           7     1.66667   0.0823565
           7           2    0.142843
           7     2.33333    0.127491
           7     2.66667    0.131065
           7           3   0.0925972
           7     3.33333    0.102782
           7     3.66667   0.0603333
           7           4   0.0370694
           7     4.33333   0.0176574
           7     4.66667   0.0254769
           7           5  0.00479167
           7     5.33333 0.000643519
           7     5.66667  0.00283796
           7           6 2.31481e-05
           7     6.33333 1.85185e-05
           7     6.66667 0.000740741
           7           7  0.00087037
           7     7.33333           0
           7     7.66667           0
           7           8           0
           7     8.33333           0
           7     8.66667           0
           7           9           0
           7     9.33333           0
           7     9.66667           0

           8           0  0.00271759
           8    0.333333   0.0130139
           8    0.666667   0.0275278
           8           1   0.0299815
           8     1.33333    0.091463
           8     1.66667    0.123264
           8           2    0.145722
           8     2.33333    0.115097
           8     2.66667    0.109958
           8           3   0.0867824
           8     3.33333   0.0816574
           8     3.66667   0.0879861
           8           4   0.0335833
           8     4.33333    0.022463
           8     4.66667   0.0129213
           8           5  0.00474537
           8     5.33333  0.00218519
           8     5.66667 4.16667e-05
           8           6  0.00152778
           8     6.33333  0.00433333
           8     6.66667  0.00302778
           8           7           0
           8     7.33333           0
           8     7.66667           0
           8           8           0
           8     8.33333           0
           8     8.66667           0
           8           9           0
           8     9.33333           0
           8     9.66667           0

           9           0  0.00327778
           9    0.333333   0.0116852
           9    0.666667    0.031463
           9           1   0.0528009
           9     1.33333   0.0898611
           9     1.66667    0.136361
           9           2     0.11419
           9     2.33333   0.0921759
           9     2.66667    0.102454
           9           3       0.087
           9     3.33333    0.102329
           9     3.66667   0.0647083
           9           4   0.0415602
           9     4.33333   0.0400093
           9     4.66667   0.0220972
           9           5  0.00539815
           9     5.33333  0.00262963
           9     5.66667           0
           9           6           0
           9     6.33333           0
           9     6.66667           0
           9           7           0
           9     7.33333           0
           9     7.66667           0
           9           8           0
           9     8.33333           0
           9     8.66667           0
           9           9           0
           9     9.33333           0
           9     9.66667           0

          10           0  0.00217593
          10    0.333333  0.00586111
          10    0.666667   0.0300231
          10           1   0.0623704
          10     1.33333   0.0979861
          10     1.66667     0.11975
          10           2   0.0935139
          10     2.33333    0.119625
          10     2.66667    0.119111
          10           3    0.103426
          10     3.33333   0.0719259
          10     3.66667   0.0603194
          10           4   0.0487917
          10     4.33333   0.0312963
          10     4.66667   0.0239398
          10           5  0.00719444
          10     5.33333   0.0015787
          10     5.66667  0.00111111
          10           6           0
          10     6.33333           0
          10     6.66667           0
          10           7           0
          10     7.33333           0
          10     7.66667           0
          10           8           0
          10     8.33333           0
          10     8.66667           0
          10           9           0
          10     9.33333           0
          10     9.66667           0

          11           0   0.0010787
          11    0.333333   0.0168704
          11    0.666667   0.0256667
          11           1    0.048625
          11     1.33333   0.0842361
          11     1.66667   0.0891296
          11           2    0.132954
          11     2.33333    0.165949
          11     2.66667    0.119602
          11           3   0.0598519
          11     3.33333   0.0910648
          11     3.66667   0.0750741
          11           4   0.0296898
          11     4.33333   0.0164213
          11     4.66667   0.0153241
          11           5   0.0186528
          11     5.33333  0.00619444
          11     5.66667    0.002375
          11           6 0.000476852
          11     6.33333 0.000763889
          11     6.66667           0
          11           7           0
          11     7.33333           0
          11     7.66667           0
          11           8           0
          11     8.33333           0
          11     8.66667           0
          11           9           0
          11     9.33333           0
          11     9.66667           0

          12           0  0.00149537
          12    0.333333   0.0129815
          12    0.666667   0.0226574
          12           1   0.0590417
          12     1.33333    0.110889
          12     1.66667   0.0945648
          12           2    0.114667
          12     2.33333    0.131551
          12     2.66667    0.117616
          12           3   0.0984213
          12     3.33333   0.0640926
          12     3.66667   0.0553148
          12           4   0.0592685
          12     4.33333   0.0280417
          12     4.66667   0.0115787
          12           5  0.00326852
          12     5.33333  0.00205556
          12     5.66667  0.00705556
          12           6  0.00331481
          12     6.33333    0.002125
          12     6.66667           0
          12           7           0
          12     7.33333           0
          12     7.66667           0
          12           8           0
          12     8.33333           0
          12     8.66667           0
          12           9           0
          12     9.33333           0
          12     9.66667           0

          13           0  0.00287963
          13    0.333333   0.0240139
          13    0.666667   0.0405463
          13           1   0.0685648
          13     1.33333    0.101949
          13     1.66667    0.111991
          13           2    0.125769
          13     2.33333   0.0931435
          13     2.66667   0.0773889
          13           3   0.0785139
          13     3.33333   0.0651157
          13     3.66667   0.0565602
          13           4   0.0661806
          13     4.33333   0.0504491
          13     4.66667   0.0208102
          13           5  0.00837963
          13     5.33333  0.00568519
          13     5.66667 0.000550926
          13           6  0.00148611
          13     6.33333 2.31481e-05
          13     6.66667           0
          13           7           0
          13     7.33333           0
          13     7.66667           0
          13           8           0
          13     8.33333           0
          13     8.66667           0
          13           9           0
          13     9.33333           0
          13     9.66667           0

          14           0 0.000532407
          14    0.333333   0.0122176
          14    0.666667   0.0481065
          14           1    0.073787
          14     1.33333   0.0646991
          14     1.66667    0.107833
          14           2    0.117176
          14     2.33333    0.121657
          14     2.66667    0.135694
          14           3   0.0966667
          14     3.33333   0.0645278
          14     3.66667   0.0476435
          14           4   0.0256806
          14     4.33333   0.0262731
          14     4.66667   0.0242083
          14           5   0.0130509
          14     5.33333   0.0104398
          14     5.66667  0.00498148
          14           6  0.00244907
          14     6.33333    0.002375
          14     6.66667           0
          14           7           0
          14     7.33333           0
          14     7.66667           0
          14           8           0
          14     8.33333           0
          14     8.66667           0
          14           9           0
          14     9.33333           0
          14     9.66667           0

          15           0 0.000388889
          15    0.333333   0.0165417
          15    0.666667   0.0323426
          15           1   0.0693796
          15     1.33333   0.0881111
          15     1.66667   0.0979398
          15           2    0.118551
          15     2.33333    0.124657
          15     2.66667    0.112731
          15           3   0.0825648
          15     3.33333   0.0800139
          15     3.66667   0.0643657
          15           4   0.0584537
          15     4.33333   0.0183056
          15     4.66667  0.00809722
          15           5   0.0129769
          15     5.33333  0.00783796
          15     5.66667  0.00106481
          15           6  0.00141204
          15     6.33333  0.00426389
          15     6.66667           0
          15           7           0
          15     7.33333           0
          15     7.66667           0
          15           8           0
          15     8.33333           0
          15     8.66667           0
          15           9           0
          15     9.33333           0
          15     9.66667           0

          16           0  0.00144444
          16    0.333333   0.0155787
          16    0.666667   0.0281065
          16           1   0.0411296
          16     1.33333   0.0903796
          16     1.66667     0.11169
          16           2    0.139255
          16     2.33333    0.111991
          16     2.66667    0.125755
          16           3   0.0807639
          16     3.33333   0.0846898
          16     3.66667   0.0656435
          16           4   0.0377917
          16     4.33333   0.0271111
          16     4.66667   0.0186806
          16           5   0.0144583
          16     5.33333  0.00549537
          16     5.66667  3.7037e-05
          16           6           0
          16     6.33333           0
          16     6.66667           0
          16           7           0
          16     7.33333           0
          16     7.66667           0
          16           8           0
          16     8.33333           0
          16     8.66667           0
          16           9           0
          16     9.33333           0
          16     9.66667           0

          17           0   0.0012963
          17    0.333333   0.0189074
          17    0.666667   0.0350324
          17           1   0.0535139
          17     1.33333    0.097375
          17     1.66667    0.104907
          17           2    0.120222
          17     2.33333   0.0938009
          17     2.66667    0.125005
          17           3    0.104653
          17     3.33333   0.0980648
          17     3.66667   0.0450787
          17           4   0.0345139
          17     4.33333   0.0369537
          17     4.66667    0.010713
          17           5   0.0103796
          17     5.33333  0.00131481
          17     5.66667  0.00133333
          17           6 9.25926e-05
          17     6.33333  0.00197222
          17     6.66667   0.0046713
          17           7 0.000199074
          17     7.33333           0
          17     7.66667           0
          17           8           0
          17     8.33333           0
          17     8.66667           0
          17           9           0
          17     9.33333           0
          17     9.66667           0

          18           0  0.00738889
          18    0.333333   0.0240694
          18    0.666667   0.0361806
          18           1   0.0540139
          18     1.33333     0.08575
          18     1.66667    0.105144
          18           2    0.107542
          18     2.33333    0.111019
          18     2.66667    0.121986
          18           3   0.0963102
          18     3.33333   0.0900509
          18     3.66667   0.0486296
          18           4   0.0387315
          18     4.33333   0.0423704
          18     4.66667    0.013412
          18           5  0.00751852
          18     5.33333  0.00356481
          18     5.66667 0.000671296
          18           6   0.0022037
          18     6.33333    0.003125
          18     6.66667 0.000319444
          18           7           0
          18     7.33333           0
          18     7.66667           0
          18           8           0
          18     8.33333           0
          18     8.66667           0
          18           9           0
          18     9.33333           0
          18     9.66667           0

          19           0    0.001125
          19    0.333333   0.0169954
          19    0.666667   0.0410139
          19           1     0.07725
          19     1.33333    0.088125
          19     1.66667    0.124046
          19           2    0.146009
          19     2.33333       0.086
          19     2.66667    0.110042
          19           3   0.0663056
          19     3.33333   0.0587546
          19     3.66667   0.0687824
          19           4   0.0221759
          19     4.33333   0.0322454
          19     4.66667   0.0200417
          19           5    0.015213
          19     5.33333   0.0144676
          19     5.66667  0.00516204
          19           6  0.00109259
          19     6.33333  0.00285648
          19     6.66667   0.0022963
          19           7           0
          19     7.33333           0
          19     7.66667           0
          19           8           0
          19     8.33333           0
          19     8.66667           0
          19           9           0
          19     9.33333           0
          19     9.66667           0

          20           0 0.000787037
          20    0.333333   0.0175602
          20    0.666667   0.0343241
          20           1   0.0527639
          20     1.33333   0.0742685
          20     1.66667    0.115671
          20           2    0.128167
          20     2.33333    0.111912
          20     2.66667    0.103102
          20           3    0.133292
          20     3.33333   0.0702731
          20     3.66667   0.0535185
          20           4   0.0366481
          20     4.33333   0.0314259
          20     4.66667   0.0136111
          20           5  0.00775926
          20     5.33333  0.00407407
          20     5.66667  0.00573611
          20           6  0.00201852
          20     6.33333  0.00202778
          20     6.66667  0.00106019
          20           7           0
          20     7.33333           0
          20     7.66667           0
          20           8           0
          20     8.33333           0
          20     8.66667           0
          20           9           0
          20     9.33333           0
          20     9.66667           0

